1 1
5000 15
10000 16
15000 16
20000 17
25000 17
30000 17
35000 18
40000 18
45000 18
50000 18
55000 18
60000 18
65000 18
70000 19
75000 19
80000 19
85000 19
90000 19
95000 19
100000 19
105000 19
110000 19
115000 19
120000 19
125000 20
130000 20
135000 20
140000 20
145000 20
150000 20
155000 20
160000 20
165000 20
170000 20
175000 20
180000 20
185000 20
190000 20
195000 20
200000 20
205000 20
210000 20
215000 20
220000 21
225000 21
230000 21
235000 21
240000 21
245000 21
250000 21
