1 1
5000 33
10000 38
15000 44
20000 48
25000 52
30000 56
35000 61
40000 63
45000 67
50000 72
55000 74
60000 79
65000 82
70000 86
75000 87
80000 89
85000 94
90000 97
95000 99
100000 104
105000 108
110000 112
115000 114
120000 118
125000 124
130000 130
135000 135
140000 139
145000 142
150000 145
155000 147
160000 150
165000 155
170000 158
175000 164
180000 167
185000 172
190000 174
195000 176
200000 178
205000 180
210000 182
215000 185
220000 188
225000 191
230000 195
235000 198
240000 201
245000 204
250000 205
