1 1
5000 15
10000 17
15000 18
20000 18
25000 19
30000 19
35000 20
40000 20
45000 20
50000 20
55000 21
60000 21
65000 21
70000 21
75000 21
80000 22
85000 22
90000 22
95000 22
100000 22
105000 23
110000 23
115000 23
120000 23
125000 23
130000 23
135000 23
140000 23
145000 23
150000 23
155000 23
160000 23
165000 24
170000 24
175000 24
180000 24
185000 24
190000 24
195000 24
200000 24
205000 24
210000 24
215000 24
220000 25
225000 25
230000 25
235000 25
240000 25
245000 25
250000 25
