        01
      02
    03
  04
          05
        06
      07
    08
  09
10
        01
      02
    03
  04
          05
      06
        06
      07
    08
  09
10
        01
      02
    03
          04
      06
        06
      07
    08
  09
10
        01
      02
    03
          04
        06
      07
    08
  09
10
        02
      03
          04
        06
      07
    08
  09
10
        02
      03
          04
        06
      07
    08
  09
10
