=~=~=~=~=~=~=~=~=~=~=~= PuTTY log 2024.10.02 14:38:59 =~=~=~=~=~=~=~=~=~=~=~=
499
201
247
517
302
161
462
408
137
364
492
193
258
520
291
167
470
396
136
376
486
183
270
521
277
178
481
384
133
389
477
174
281
521
266
186
487
373
133
399
470
167
292
519
256
194
494
360
139
411
459
160
307
516
241
205
501
348
142
423
450
153
317
513
232
215
506
338
145
432
441
149
328
510
223
225
511
324
150
443
429
143
343
503
210
237
515
311
157
454
418
140
353
499
201
247
519
302
162
463
409
138
364
493
191
260
520
289
169
472
394
136
379
485
182
272
521
276
178
480
383
134
389
477
175
282
522
266
185
488
373
133
400
469
166
295
520
254
196
497
359
139
413
459
158
307
516
241
205
501
348
142
422
449
153
318
514
233
215
507
338
146
435
440
148
331
510
221
228
513
323
151
445
427
143
343
504
210
237
515
312
156
454
419
140
354
499
201
247
519
301
162
464
406
139
367
492
189
261
521
286
171
473
393
135
379
484
181
272
522
276
178
481
383
134
389
478
175
282
523
265
187
489
372
133
402
466
165
297
520
252
198
497
359
140
413
459
160
308
517
241
206
502
348
142
423
450
153
318
514
231
217
508
335
146
436
437
147
333
510
218
228
513
323
152
446
429
144
343
504
210
238
515
311
158
453
417
140
356
497
199
249
518
299
164
466
404
137
369
491
190
262
520
287
172
473
393
135
379
484
182
271
522
275
178
480
383
133
391
476
173
284
523
263
189
491
369
137
404
468
165
298
519
250
197
496
357
139
413
458
160
306
516
241
206
501
345
142
425
448
153
320
514
227
219
509
333
147
437
437
147
333
508
218
227
512
322
152
446
428
143
344
505
210
239
516
309
157
456
416
140
359
496
197
252
519
296
164
465
403
137
368
490
189
262
520
286
170
473
393
135
380
484
181
274
523
274
179
483
381
135
393
474
172
287
523
262
189
491
368
137
404
466
165
297
518
252
197
496
358
140
412
458
158
310
516
239
208
502
343
143
427
445
152
322
512
227
219
507
332
147
436
435
147
332
509
218
228
513
321
152
446
424
142
345
503
207
239
517
306
157
458
412
138
359
495
196
252
518
296
164
465
403
137
369
490
189
263
520
286
171
474
391
135
381
482
180
277
522
272
181
483
378
133
394
473
171
287
522
261
189
490
369
136
403
467
165
297
518
250
199
497
356
140
415
455
155
311
515
237
210
503
343
144
427
445
151
323
512
227
219
508
332
147
437
436
146
333
508
216
230
513
320
152
447
423
142
349
502
206
242
517
307
158
457
414
140
359
496
197
251
519
296
165
466
403
136
369
488
187
265
521
284
173
477
389
134
385
481
178
276
521
272
181
484
379
134
394
474
171
286
522
261
189
490
368
138
405
465
163
300
518
249
201
499
354
141
418
455
156
313
515
237
210
505
342
143
427
446
152
323
512
228
219
507
332
148
439
435
147
336
508
214
232
514
317
153
450
423
143
349
501
207
242
517
306
158
458
412
139
358
496
197
252
518
293
166
468
401
136
370
488
186
267
521
282
174
478
389
134
384
482
179
277
521
271
182
483
378
134
394
474
171
288
522
257
192
491
365
138
408
462
161
303
518
247
201
499
353
140
419
455
155
313
516
237
210
503
342
144
428
445
151
325
511
225
221
509
329
149
440
432
145
338
506
215
233
514
317
153
450
423
141
349
501
205
242
516
306
159
458
413
137
361
495
195
254
518
292
167
469
398
135
373
488
185
267
521
282
174
476
388
134
383
481
178
276
522
272
182
484
375
133
395
471
169
289
519
256
193
493
363
139
408
463
161
302
518
246
204
499
353
140
417
453
157
313
515
237
211
505
339
144
429
443
150
328
510
224
223
510
326
148
441
431
145
338
506
213
232
514
316
153
449
423
142
349
501
205
245
517
304
160
460
410
138
363
493
193
256
519
290
167
469
398
135
374
487
185
268
521
282
174
477
388
135
384
481
176
280
522
268
184
485
373
133
399
469
168
292
519
255
193
493
363
139
409
461
161
303
518
246
202
499
352
140
419
451
154
315
514
234
213
506
337
145
432
441
148
327
509
222
224
510
327
150
442
431
145
338
505
214
234
514
316
154
452
419
141
352
500
204
247
517
300
162
462
407
138
364
493
193
257
521
291
168
470
398
135
375
487
185
267
520
281
176
479
386
134
386
479
174
282
522
265
186
487
373
133
399
470
167
293
519
256
193
493
362
138
408
462
162
303
517
243
204
500
350
142
421
450
153
318
513
232
214
506
337
146
432
441
150
328
510
222
224
510
326
149
441
431
144
338
504
211
236
514
313
155
453
416
140
354
499
201
248
518
301
162
463
408
138
364
493
193
258
519
290
168
470
398
134
377
486
183
270
521
277
178
481
382
134
389
477
174
283
522
265
187
488
373
134
399
470
167
292
518
255
194
493
363
138
412
460
160
305
516
241
204
501
347
143
423
450
153
317
514
232
215
505
336
146
433
440
149
328
510
223
224
510
324
150
443
428
144
341
503
209
237
515
311
156
454
417
141
354
499
201
247
517
300
162
461
407
138
364
493
192
257
520
289
169
471
395
135
380
484
181
272
521
276
178
481
383
134
388
477
175
282
521
265
186
488
372
133
399
469
168
295
519
254
196
495
360
140
414
458
159
307
516
241
205
501
347
142
423
449
152
318
514
231
215
505
337
146
433
440
148
330
508
220
227
511
321
151
446
427
143
343
503
210
238
515
311
157
454
416
139
354
499
201
247
518
300
162
462
405
137
366
491
190
260
520
286
171
473
393
135
378
483
181
272
521
275
177
480
383
134
388
477
174
282
522
264
186
489
370
132
402
468
166
297
518
251
198
495
357
139
413
457
159
307
516
241
206
501
347
143
424
449
153
318
513
232
216
507
335
146
435
439
147
334
508
219
228
513
322
151
445
428
143
344
505
209
238
516
311
160
455
418
140
354
499
199
250
519
300
164
465
403
137
369
491
189
262
520
286
171
474
393
136
380
484
182
273
522
274
179
481
383
134
390
475
173
285
522
263
188
490
367
137
404
466
164
297
519
251
198
498
358
140
414
459
159
308
516
242
205
502
347
142
426
448
153
321
513
232
219
508
332
147
436
436
147
334
508
218
229
513
322
151
445
427
143
343
503
209
238
516
311
158
455
415
140
356
498
196
252
518
296
164
466
403
137
369
490
189
261
520
285
172
473
393
135
379
484
182
272
521
273
180
482
381
133
391
474
171
287
524
261
190
492
369
137
404
466
164
297
518
251
197
496
357
139
413
457
159
308
515
239
209
502
344
142
427
445
151
324
512
228
220
508
332
146
437
436
147
333
508
219
227
512
321
152
445
426
143
346
503
208
239
516
309
159
458
413
139
358
496
198
252
519
296
165
465
403
136
369
491
190
262
520
286
171
473
393
135
381
483
179
274
521
272
182
484
379
134
393
474
171
286
522
262
189
490
369
137
404
465
164
297
519
251
197
496
355
140
415
456
158
310
516
238
210
504
343
144
428
445
151
323
511
228
218
508
332
147
436
436
147
334
507
219
229
513
319
152
447
425
142
347
502
206
242
516
307
159
457
412
138
359
496
197
251
518
296
164
466
404
137
369
491
190
264
520
283
173
475
390
134
382
481
178
276
522
270
183
483
378
134
394
474
171
287
522
261
189
491
368
138
404
465
163
302
517
248
199
498
353
140
418
454
157
312
515
237
210
504
342
144
426
445
151
323
511
227
220
508
331
147
437
433
145
336
506
215
230
513
316
154
450
422
142
348
501
206
242
516
305
159
458
413
140
359
496
197
253
519
296
165
468
400
136
372
489
187
266
521
280
174
477
388
135
383
480
178
277
522
271
182
484
378
133
394
474
171
287
521
260
190
491
366
138
405
464
162
302
517
248
202
499
353
141
418
453
157
312
515
237
211
503
342
143
428
444
151
323
511
225
221
509
330
148
439
431
144
338
506
214
233
514
317
154
450
423
142
349
501
205
243
516
306
160
458
412
138
359
494
194
255
519
293
167
470
397
135
373
487
186
267
521
279
175
478
388
135
385
480
177
277
522
271
182
484
377
133
396
472
169
290
515
258
193
493
362
139
408
462
161
303
518
246
202
499
351
142
419
453
155
314
515
235
211
504
340
144
431
443
150
326
509
222
224
510
326
149
442
431
145
339
506
213
235
514
315
155
450
421
141
349
500
204
243
516
304
161
461
409
137
362
493
192
258
520
290
169
471
397
136
375
487
184
267
521
279
175
478
387
134
385
479
176
278
522
268
184
486
374
132
400
469
167
295
520
255
194
494
361
139
410
461
160
304
517
244
203
499
350
140
420
452
156
318
513
233
213
505
337
145
433
439
148
329
510
221
225
511
325
150
442
429
144
340
505
212
234
514
314
154
451
420
140
353
499
201
246
517
300
163
464
405
137
365
492
192
259
519
288
170
471
395
135
375
486
184
269
521
278
177
480
382
133
388
477
174
282
522
264
188
489
370
133
401
468
166
295
518
254
195
494
360
139
411
459
160
305
517
244
204
501
347
142
422
449
151
320
513
230
217
507
334
145
434
438
148
331
508
219
226
511
324
150
443
428
144
342
504
210
238
516
311
156
454
416
139
357
497
198
251
518
298
164
464
405
136
367
491
190
260
521
286
170
473
394
135
376
485
181
273
522
275
179
481
379
133
392
474
173
285
522
262
187
489
370
135
403
467
165
297
518
252
197
495
358
140
412
456
158
309
517
240
207
503
344
142
427
446
150
322
512
228
219
508
333
147
436
437
147
333
508
220
227
512
321
151
447
425
143
346
503
208
241
516
307
159
457
413
139
358
496
197
252
518
296
165
465
404
137
368
490
189
261
519
286
173
475
391
135
380
483
177
276
521
270
181
483
378
134
393
474
171
287
522
261
189
491
368
138
404
465
164
298
518
249
199
498
355
140
416
454
156
312
514
236
209
503
342
144
428
445
151
323
511
228
219
508
331
147
437
435
146
333
506
216
231
512
319
153
449
422
142
349
501
204
243
517
306
159
459
413
139
359
497
197
252
518
294
165
465
402
136
371
488
186
265
520
282
174
477
388
135
383
481
178
277
522
271
183
484
377
133
395
473
170
287
523
260
190
491
367
138
407
463
162
300
518
245
202
499
352
140
418
454
157
313
514
237
211
504
341
143
428
444
150
324
511
226
220
508
328
149
440
433
146
337
505
213
234
514
316
154
450
421
141
349
501
205
243
516
305
159
459
411
138
360
495
196
253
519
292
167
468
400
135
375
486
185
268
521
280
176
477
386
134
385
480
177
278
522
269
183
484
377
133
395
473
170
291
518
257
192
493
363
139
410
461
161
303
517
245
203
499
351
141
419
452
154
315
514
235
211
504
340
144
429
443
149
327
509
223
223
510
325
150
443
431
144
341
505
213
235
515
315
155
451
420
141
351
500
203
245
517
304
160
460
408
137
363
493
193
256
520
289
169
471
395
134
375
486
183
268
521
278
176
478
385
136
387
479
175
280
522
269
183
487
372
134
399
469
168
295
520
254
195
494
360
138
410
459
160
305
516
244
204
500
350
140
420
452
155
315
513
234
214
506
337
145
432
440
147
331
509
221
227
511
324
150
443
430
143
340
504
212
236
514
314
156
452
419
139
351
500
200
247
517
301
162
462
405
137
366
491
191
260
520
287
170
472
395
136
376
486
182
270
521
278
177
479
385
134
387
477
174
282
522
265
187
489
370
126
402
467
165
295
518
252
195
495
359
140
412
460
160
306
516
243
204
500
348
141
423
449
153
319
513
232
217
507
333
146
435
437
148
333
509
220
227
511
323
151
444
429
144
342
504
210
236
514
313
156
454
417
141
354
498
198
250
518
297
163
464
405
137
366
491
190
261
519
286
170
472
394
134
378
484
182
271
521
274
180
482
382
133
391
474
171
285
522
262
188
489
369
136
403
467
165
296
518
252
195
495
358
138
412
458
158
306
515
240
207
502
345
142
426
446
152
322
512
228
218
508
333
148
436
437
147
332
508
219
227
512
322
150
444
427
143
345
504
208
240
516
310
158
457
414
138
357
497
199
251
518
296
165
465
403
136
367
491
189
261
520
286
170
473
393
135
381
482
179
274
521
271
181
483
379
133
393
474
171
287
522
263
189
490
367
137
403
466
165
297
518
251
197
496
355
140
415
456
157
310
515
238
209
503
343
143
427
445
151
323
511
227
219
507
332
147
436
436
146
333
507
218
228
513
319
153
447
424
142
349
502
206
242
517
306
160
458
412
139
357
496
196
251
518
295
166
466
403
136
369
490
188
264
521
283
173
475
390
135
384
480
177
277
521
271
181
484
377
134
394
473
170
288
523
260
189
491
367
136
405
466
163
301
517
248
200
497
352
141
419
453
155
313
514
236
210
504
341
144
428
444
150
324
511
226
220
509
331
148
438
433
146
337
507
214
231
514
315
154
451
421
141
350
501
204
242
517
305
160
458
412
139
359
496
196
253
518
294
166
468
399
136
373
488
186
267
521
279
175
477
386
134
385
479
176
278
521
270
182
485
377
133
396
473
170
289
522
260
192
493
364
138
407
462
161
303
516
244
202
499
351
140
420
452
155
315
514
235
212
505
340
144
429
443
149
324
511
223
223
510
328
148
440
430
144
340
505
212
234
514
316
155
451
421
141
350
501
204
245
517
304
160
460
410
138
361
493
193
257
520
291
168
470
396
136
375
486
183
270
521
279
176
479
386
134
387
479
176
279
522
268
184
484
375
134
398
470
168
292
519
256
194
494
360
139
411
459
160
305
516
244
204
500
350
141
421
451
155
315
514
234
212
505
339
145
432
440
148
328
511
220
226
511
325
150
444
429
143
341
505
211
236
515
313
154
452
419
140
351
499
202
246
517
300
163
463
408
138
364
492
190
260
520
288
169
471
395
136
378
486
182
270
521
278
176
479
385
135
388
478
175
281
522
266
186
487
372
132
401
467
165
295
518
252
197
495
359
138
412
459
159
305
516
243
204
501
348
140
422
450
154
318
513
231
215
506
336
146
435
437
147
332
509
219
226
512
323
151
444
428
143
342
505
210
236
514
312
155
453
418
139
354
498
200
251
518
297
164
464
405
136
368
492
189
261
520
287
171
473
393
134
379
485
182
271
521
276
178
480
381
134
391
475
172
283
522
262
189
490
368
136
403
466
165
297
517
251
197
496
357
138
412
458
158
308
516
241
206
502
344
143
425
447
152
323
512
228
219
508
332
147
436
436
147
333
507
217
227
511
322
151
445
427
143
344
504
209
240
516
310
157
456
415
140
358
498
197
252
519
295
164
466
402
136
369
490
188
262
521
285
171
474
392
134
380
484
179
274
522
272
180
482
378
133
395
473
171
287
522
260
190
490
366
137
404
465
164
299
517
250
198
497
356
139
414
455
157
311
515
238
210
504
341
144
428
444
150
323
511
226
220
508
331
147
438
434
145
335
507
217
230
512
320
152
449
423
142
348
501
206
243
517
303
160
460
411
138
359
495
196
253
519
293
166
467
401
136
371
489
187
263
520
283
174
477
389
135
383
481
176
278
521
268
184
484
375
134
395
471
169
290
521
258
192
492
365
136
407
463
163
300
517
245
201
499
353
140
418
451
154
315
514
235
213
505
339
144
430
443
149
325
511
225
221
510
329
149
439
433
146
336
505
213
233
514
316
154
452
419
140
350
499
202
245
518
302
160
461
409
138
362
495
193
256
519
292
167
469
399
135
374
487
185
269
521
279
177
479
384
134
388
478
176
281
522
267
185
486
373
133
399
470
168
290
519
257
192
493
363
138
410
460
160
303
517
242
204
501
348
142
422
450
154
317
514
234
213
506
337
145
431
440
149
327
509
223
222
510
325
150
442
430
144
341
504
209
237
516
311
156
453
418
140
352
500
201
247
518
300
161
461
407
137
364
493
192
257
519
289
169
472
395
136
378
484
182
272
521
275
178
481
383
134
389
477
174
282
522
265
185
487
372
133
400
469
167
295
518
253
196
495
360
138
413
458
159
308
516
242
206
502
346
142
422
449
154
318
513
231
215
506
336
146
433
440
146
332
509
221
226
511
322
151
446
427
143
344
503
209
238
515
310
157
454
416
140
354
498
200
248
518
299
162
462
404
137
368
491
189
260
520
285
172
474
392
135
379
483
181
272
521
275
179
481
381
134
390
476
173
283
522
264
187
489
369
134
402
466
165
298
517
250
199
497
356
141
414
457
158
309
515
242
207
502
346
142
423
447
153
319
514
231
218
508
333
146
435
437
146
335
508
217
230
512
320
152
446
425
142
344
502
208
239
515
308
157
456
416
139
355
498
197
251
518
296
164
465
401
136
370
489
188
264
520
284
171
474
391
135
380
483
180
274
522
274
181
482
380
134
391
474
170
286
522
262
189
491
365
137
405
464
163
299
517
248
199
498
355
140
415
456
157
310
516
239
208
502
344
143
428
445
151
323
512
228
221
508
330
147
438
433
146
336
507
216
230
513
318
152
448
425
142
346
503
207
240
515
307
159
458
412
138
360
496
195
255
519
292
166
468
400
136
372
489
187
266
521
283
173
476
389
135
383
482
179
275
521
270
183
484
377
134
395
470
168
291
515
257
192
492
364
137
407
463
163
301
517
247
201
498
354
140
417
454
156
311
514
236
212
505
340
144
431
441
149
327
510
223
222
510
328
149
440
432
145
337
506
214
233
513
317
152
449
422
141
350
500
204
244
517
303
160
461
409
138
363
493
194
256
520
292
167
469
398
135
374
487
185
266
520
281
175
476
388
134
386
479
177
280
521
266
185
486
373
132
399
471
168
292
518
256
193
493
362
137
408
462
162
302
517
246
201
498
350
141
420
451
155
315
514
231
215
506
338
145
433
441
149
329
510
222
225
510
326
149
441
431
144
338
505
214
233
515
313
156
452
419
141
353
499
201
248
517
301
162
463
406
138
366
493
192
258
520
289
168
470
397
136
374
486
185
271
522
277
177
480
383
134
389
476
173
283
522
265
186
488
371
133
400
469
167
294
518
254
194
494
360
138
410
461
159
306
516
242
205
501
346
143
424
449
152
319
514
230
216
506
335
145
433
439
148
330
509
221
226
512
325
150
442
427
144
342
503
209
238
515
309
158
455
416
139
356
497
199
249
518
299
163
463
405
137
366
492
192
260
520
288
170
473
392
135
379
483
181
274
521
274
180
482
380
133
391
476
173
284
521
263
186
489
371
133
401
468
166
295
518
252
197
496
357
139
413
457
157
309
516
239
209
502
344
144
425
446
152
321
513
229
217
508
334
146
435
438
147
331
509
218
229
513
320
152
445
424
141
346
502
207
240
515
307
158
456
414
138
356
496
198
250
519
297
165
465
405
137
368
490
188
264
520
285
173
475
389
134
383
481
178
275
521
272
180
483
379
134
393
474
172
285
522
262
189
489
369
136
405
465
164
299
518
250
201
498
353
140
417
454
156
311
515
238
209
503
342
146
427
446
152
323
513
228
218
507
333
148
438
434
146
336
508
214
231
513
316
153
449
423
141
347
501
207
241
517
307
159
458
413
138
359
496
198
252
518
293
166
467
401
136
370
487
185
266
521
282
174
477
389
136
384
481
179
277
522
271
182
483
378
133
394
473
171
287
521
258
192
492
365
137
408
462
161
302
516
247
201
499
352
140
418
453
156
312
515
236
210
503
341
144
428
445
150
325
511
225
222
509
329
148
441
430
144
338
506
214
234
514
315
154
450
421
141
348
501
205
242
516
306
159
458
412
138
362
494
194
256
519
290
168
470
397
135
375
486
186
267
521
280
175
477
386
134
385
479
178
277
521
270
182
485
374
132
397
470
169
290
519
256
194
494
363
138
409
461
161
303
518
245
202
498
351
141
419
452
155
314
514
235
211
505
339
144
430
441
150
330
509
222
225
510
325
151
443
430
144
339
505
213
234
514
313
154
451
421
141
350
501
204
247
517
302
161
461
408
137
365
492
192
259
519
290
168
470
395
135
376
486
184
269
520
278
175
478
386
134
386
480
175
282
521
266
186
487
371
132
400
468
166
293
518
253
195
494
360
138
411
460
160
304
516
243
204
501
349
141
421
450
153
319
513
232
215
507
334
147
435
438
147
330
509
221
226
511
323
150
443
428
145
340
504
212
237
514
312
155
454
416
139
354
498
200
250
518
298
164
464
405
136
366
492
190
260
519
287
170
473
395
136
378
485
183
270
521
277
179
481
381
135
390
476
172
285
522
261
188
489
369
132
403
467
165
296
518
253
196
495
360
140
412
458
159
307
517
239
206
502
345
142
424
446
152
322
512
228
218
507
334
146
435
437
146
332
509
219
229
511
322
151
445
427
143
342
503
208
239
516
309
158
457
413
139
358
496
197
251
518
297
164
465
404
136
368
491
189
261
520
286
171
473
393
135
380
482
180
275
522
274
182
483
378
133
393
473
171
287
521
261
189
491
367
137
404
465
164
297
518
250
197
497
357
140
417
457
158
311
516
237
210
504
343
144
428
445
151
324
512
227
220
509
332
148
437
435
146
334
508
218
229
513
318
153
449
425
142
347
501
205
243
517
305
158
458
412
139
360
497
196
253
519
296
166
466
401
136
370
490
188
264
522
283
174
477
390
135
385
480
177
278
521
269
183
485
377
132
396
472
169
288
523
260
190
491
367
137
405
465
164
302
519
248
201
499
354
140
419
453
156
315
514
237
212
504
341
144
429
444
150
325
511
225
222
510
330
148
439
435
145
337
507
215
233
513
315
154
451
421
141
350
501
205
244
517
304
160
460
410
138
360
496
195
254
520
294
166
468
400
135
374
488
185
266
522
279
176
479
387
134
386
479
176
279
522
269
184
485
376
133
397
472
170
290
519
260
191
494
363
138
409
462
162
305
518
245
204
500
351
142
421
452
155
315
514
234
212
504
340
144
430
443
150
327
511
225
223
509
326
149
442
432
144
341
506
212
236
515
313
155
452
419
140
351
500
202
244
517
303
160
461
411
138
362
495
192
258
520
291
168
471
396
136
378
486
183
270
521
278
177
478
385
134
387
478
176
280
521
267
184
486
374
132
397
469
166
293
520
255
194
496
360
139
412
458
159
305
516
243
207
500
349
142
422
449
155
317
514
233
213
506
338
145
434
441
148
329
509
222
227
512
322
151
444
428
144
341
504
210
236
515
313
156
453
418
141
352
499
201
247
518
302
162
464
407
137
366
492
190
261
520
287
170
472
394
136
378
484
182
271
521
277
178
481
383
133
388
478
175
281
522
263
187
488
371
132
401
466
164
296
518
252
197
495
358
140
413
459
159
307
517
242
205
501
349
142
422
449
153
317
512
230
216
507
336
147
436
436
146
332
507
218
228
513
321
152
445
428
144
343
504
209
237
515
311
156
454
417
140
356
498
199
249
518
298
164
465
402
137
369
490
188
262
521
286
172
474
392
134
380
483
181
272
521
274
178
481
382
133
392
475
172
286
522
260
190
490
367
138
404
465
164
298
518
253
199
496
357
140
414
457
158
308
516
240
207
501
344
143
426
447
152
321
511
226
220
509
331
147
438
435
147
334
508
217
229
512
320
151
446
425
142
344
503
208
239
515
308
158
457
414
139
360
495
196
254
520
295
167
467
401
137
371
490
187
263
520
284
172
474
391
135
380
483
180
276
521
271
181
483
378
133
394
472
171
289
522
259
190
491
366
137
406
465
163
299
517
248
202
497
356
140
416
456
156
312
515
237
210
503
341
144
429
443
150
325
512
225
221
509
329
148
439
433
146
335
507
217
231
513
319
152
447
423
142
348
501
205
242
517
304
161
460
410
138
361
494
195
254
519
293
166
468
400
137
371
488
187
265
520
283
174
476
387
134
384
479
177
280
522
269
183
485
375
133
396
471
169
290
511
258
191
492
365
138
406
464
163
301
518
248
202
499
351
141
418
453
155
314
514
235
213
505
340
144
430
442
149
325
510
224
222
510
328
148
439
434
145
336
507
213
233
513
317
153
450
419
140
351
499
202
245
517
302
161
460
410
138
362
494
194
256
520
292
168
469
400
136
373
487
184
267
521
280
175
479
384
133
387
478
176
280
521
267
184
486
375
133
398
471
168
290
518
258
192
492
364
138
409
461
161
303
517
246
204
500
348
144
421
450
154
316
513
234
212
505
339
145
431
443
149
325
510
224
223
509
327
150
441
431
145
339
506
211
236
514
312
155
452
418
141
352
499
203
246
517
303
161
460
409
138
363
494
194
256
520
290
168
470
398
136
375
485
182
270
521
277
176
480
385
133
388
478
175
281
521
267
185
486
373
133
398
470
167
290
519
256
194
494
361
139
411
459
160
306
516
242
205
501
349
142
422
450
154
317
514
233
214
505
337
145
431
441
149
329
509
223
225
510
324
150
444
428
144
343
503
211
237
515
312
156
453
418
140
352
499
201
246
517
301
161
461
408
138
366
492
191
258
520
286
170
472
394
134
378
485
182
271
520
277
178
479
383
134
388
477
174
281
521
266
185
487
370
133
401
468
166
294
518
252
197
495
358
139
414
458
159
307
516
241
206
501
348
143
422
450
154
316
513
232
215
506
333
146
434
438
147
332
508
218
228
512
322
151
445
427
142
342
503
209
238
514
311
156
454
417
140
353
499
201
249
518
298
163
463
405
137
368
491
190
262
521
287
172
473
393
134
378
484
181
272
521
275
178
481
383
134
389
477
173
285
522
262
186
488
368
137
404
466
164
297
518
251
197
496
357
139
414
458
158
307
516
241
206
502
348
142
423
447
152
320
513
230
217
507
331
147
437
436
147
332
508
218
228
512
322
152
444
427
142
343
505
210
238
516
311
157
455
415
139
356
497
199
252
518
296
165
466
403
138
368
490
188
262
519
286
171
473
393
134
379
484
181
272
520
276
179
482
381
134
391
476
170
287
523
261
189
490
367
138
403
465
164
297
518
251
197
496
357
140
414
458
159
308
516
239
208
502
346
142
426
445
152
322
512
227
218
508
331
147
436
436
147
333
508
219
228
512
321
151
446
427
142
343
503
208
240
516
308
159
457
413
138
358
495
197
252
519
296
164
465
403
136
369
491
189
262
520
286
173
473
393
134
381
482
180
274
521
274
181
483
378
132
394
473
171
287
522
260
189
491
368
137
404
465
165
297
518
250
198
495
357
140
415
456
157
311
516
236
210
503
341
142
427
445
151
322
513
228
218
508
331
147
437
435
146
333
508
218
228
512
319
152
447
424
142
347
501
205
242
516
305
159
459
413
139
359
496
197
252
519
296
165
465
402
136
369
490
188
263
519
283
173
475
390
135
383
480
178
277
522
272
181
484
378
133
395
473
170
287
523
260
189
490
368
137
404
465
164
300
518
249
200
497
354
140
417
454
157
312
514
237
210
504
341
143
427
444
151
322
512
227
219
508
331
147
437
435
145
336
507
216
231
513
316
154
450
423
143
349
502
205
242
516
306
158
458
412
140
359
496
197
252
519
296
164
466
401
136
371
488
187
263
520
281
175
477
388
135
384
481
178
276
522
271
181
484
378
133
394
473
171
288
522
260
190
491
365
138
406
464
163
302
517
247
201
498
352
141
418
454
157
312
515
236
210
504
342
144
428
445
151
322
512
228
221
508
329
148
438
434
145
337
507
214
232
513
317
153
450
422
141
347
501
205
245
517
306
159
457
413
139
359
496
195
254
518
294
166
468
398
136
374
488
186
267
520
281
174
476
388
134
384
481
178
276
522
271
182
484
377
133
394
471
170
289
522
258
191
492
363
137
408
462
161
302
517
247
202
498
353
140
417
454
156
312
515
237
210
503
341
143
430
443
150
325
511
225
223
510
327
148
441
432
144
338
506
214
233
514
316
154
450
423
143
349
503
205
243
517
306
160
460
411
138
360
495
192
257
518
291
167
469
398
135
373
487
185
266
521
280
175
477
387
135
384
480
178
277
522
268
183
485
376
133
397
470
168
293
519
255
193
493
362
138
408
461
161
302
518
246
202
499
351
141
419
453
155
312
513
235
213
505
339
145
432
441
148
328
510
222
224
511
326
149
441
432
144
340
506
214
233
514
316
153
450
421
142
352
500
203
245
517
303
162
462
407
136
363
493
193
258
518
290
169
470
397
134
375
486
185
268
520
280
176
478
387
134
388
479
176
280
522
266
186
487
372
133
399
469
168
293
519
256
194
493
362
138
409
461
161
304
516
245
202
499
348
141
422
451
154
315
513
231
215
507
335
146
434
440
148
329
509
222
225
510
325
150
442
430
144
342
505
214
234
514
312
156
452
418
140
354
498
200
248
517
300
164
463
406
136
365
492
192
258
519
289
169
471
396
136
376
486
184
271
521
276
178
480
383
133
390
476
174
284
522
265
187
488
371
133
401
468
166
294
518
253
195
494
360
138
411
460
159
307
517
242
206
500
345
143
425
447
153
320
513
230
217
506
335
146
433
438
148
330
508
220
225
511
324
150
443
427
144
343
504
209
237
516
309
157
455
415
139
357
498
199
250
517
299
164
464
406
137
366
492
191
261
519
289
170
473
392
135
379
483
180
274
521
273
179
481
380
133
392
475
172
284
522
262
187
488
370
133
402
467
165
296
519
253
197
496
357
139
413
457
157
310
515
239
208
502
344
142
425
447
152
321
512
229
217
508
334
146
435
439
148
331
509
218
228
512
320
152
446
424
142
347
502
207
240
516
308
158
456
414
139
357
497
198
251
517
298
164
465
405
136
368
490
188
262
520
285
172
475
389
135
382
481
178
274
521
272
180
483
380
133
393
475
173
286
522
263
188
490
369
136
404
465
164
299
518
250
201
498
354
141
417
454
157
311
515
237
208
504
343
143
427
446
151
322
512
228
217
507
333
148
437
435
146
335
507
215
232
514
318
153
449
424
142
346
502
207
242
516
308
159
457
414
138
358
496
198
252
517
294
166
467
402
136
371
488
186
265
521
282
173
476
390
135
383
481
179
276
522
272
181
484
378
134
393
474
172
286
522
260
191
491
366
140
409
462
162
300
517
247
201
499
352
140
417
454
157
311
515
237
209
504
343
143
427
445
150
325
512
227
221
508
330
148
439
432
145
337
506
215
233
513
317
154
449
423
141
349
502
205
241
516
306
158
458
413
137
361
495
195
253
518
292
166
469
400
136
373
488
185
267
521
281
174
477
388
135
383
481
180
276
522
271
181
483
376
134
396
472
169
289
519
257
193
494
363
138
408
462
162
301
518
247
202
498
352
140
417
454
156
312
514
236
211
505
340
144
429
442
150
328
510
224
224
510
328
149
441
431
144
339
506
213
232
514
316
154
450
421
142
349
500
205
245
516
304
161
460
409
137
363
493
193
257
520
291
168
470
397
135
374
487
184
266
520
280
174
477
388
135
384
480
175
280
521
268
183
485
373
133
400
470
167
292
520
255
193
493
362
139
409
460
161
302
517
245
202
499
351
142
419
451
154
315
514
234
213
506
337
146
432
441
148
329
509
222
225
509
325
150
442
431
144
339
506
213
234
514
315
154
452
419
139
352
499
202
248
517
300
162
462
406
137
364
492
192
258
519
289
168
470
397
134
375
487
185
268
522
279
177
479
385
134
387
478
174
283
522
265
186
488
371
134
400
468
167
292
519
255
195
494
361
138
410
461
160
304
517
243
205
501
349
141
422
449
153
320
513
232
215
506
335
146
432
439
149
329
510
223
225
510
326
150
442
430
144
340
504
210
236
515
312
156
455
416
139
355
498
200
247
517
299
162
464
407
137
365
492
192
258
521
289
169
470
396
137
377
485
182
270
521
277
178
481
382
133
389
476
173
283
522
265
186
488
372
133
401
468
167
293
519
254
194
494
360
139
412
459
159
307
516
240
207
502
346
142
424
449
153
319
514
231
216
507
336
145
433
439
148
330
510
220
224
510
323
151
444
428
142
343
503
209
239
514
310
157
454
416
139
355
499
200
248
517
299
162
462
406
137
365
492
192
258
520
288
170
473
394
136
380
483
180
273
522
275
179
482
382
134
390
476
173
284
522
265
186
489
371
133
400
468
166
296
519
252
197
495
357
139
414
457
158
309
516
240
206
502
345
142
424
448
152
320
513
231
215
506
335
146
433
439
147
332
509
219
228
511
320
151
446
426
142
344
503
208
239
515
311
158
455
415
139
355
497
200
248
518
299
163
463
403
137
368
491
190
261
520
284
173
475
392
135
380
482
179
273
521
274
179
481
381
134
391
476
173
284
521
264
186
489
368
136
402
466
164
298
518
249
198
497
356
140
415
456
157
309
516
239
206
502
344
142
424
447
153
320
514
231
218
507
332
147
436
437
146
336
507
217
229
513
320
152
446
425
142
345
503
208
239
515
309
158
456
415
138
356
498
196
252
518
296
165
465
401
136
371
489
187
264
521
283
172
475
391
134
381
482
180
274
521
273
181
482
381
134
392
474
171
286
522
262
188
491
365
137
405
464
163
298
517
248
199
497
355
139
416
456
158
310
516
239
208
503
345
143
427
445
150
323
511
228
220
509
329
149
439
434
146
336
506
216
230
512
318
153
447
425
142
346
503
208
240
515
307
158
458
413
138
358
496
194
255
518
292
166
468
400
136
372
489
187
266
520
283
174
476
390
135
382
481
179
276
521
270
182
484
378
134
395
471
168
290
512
258
191
492
364
138
407
463
162
301
518
248
201
497
353
141
416
455
156
311
515
236
211
505
341
144
431
443
150
326
511
224
221
510
328
148
439
433
145
337
507
215
231
513
318
152
448
423
141
350
502
204
244
517
305
160
460
410
138
363
495
194
256
519
292
168
468
400
136
373
487
186
266
520
282
174
477
388
135
386
480
176
278
521
267
184
486
373
133
397
471
168
290
519
257
193
492
362
137
408
462
162
301
517
246
202
498
350
142
420
452
155
314
513
233
214
506
337
145
432
441
149
328
510
223
223
509
327
148
441
432
145
339
505
214
234
514
314
155
451
420
140
353
499
201
248
517
301
161
463
407
137
364
493
192
257
520
290
168
470
397
135
374
487
184
269
520
277
177
478
384
134
389
477
174
281
522
265
186
487
372
133
399
469
166
292
519
256
194
494
361
138
409
461
160
305
516
242
204
500
347
143
424
448
154
318
513
231
216
506
336
146
432
439
148
329
510
221
225
511
324
150
442
428
143
343
505
210
236
514
311
156
455
416
139
355
498
200
248
518
299
162
463
406
136
365
493
191
259
519
289
169
472
394
135
378
485
182
273
522
274
179
481
381
133
390
475
172
284
522
264
186
488
370
133
401
468
167
293
519
253
196
496
358
139
413
458
158
310
515
239
207
502
345
142
424
447
152
320
512
229
216
507
334
147
434
439
148
331
509
218
228
511
321
151
445
425
142
346
502
207
240
516
307
158
457
415
138
356
497
199
251
518
298
164
464
405
137
368
489
188
263
519
285
172
475
390
134
382
481
179
275
521
272
180
483
378
134
392
475
172
285
522
262
188
489
368
136
404
465
164
297
518
252
199
497
354
139
416
455
157
311
516
237
209
503
343
144
427
446
152
322
513
228
218
508
332
148
438
435
147
335
508
215
231
513
318
153
449
424
141
347
502
206
242
516
306
159
457
413
139
358
496
197
251
518
294
165
467
400
136
372
488
186
268
520
281
174
476
388
134
384
481
178
277
522
272
181
484
377
133
393
473
171
286
522
259
190
491
366
138
408
462
162
302
517
247
201
498
353
141
418
454
155
313
515
237
210
504
342
144
427
445
151
326
511
225
222
508
329
148
440
431
144
338
506
215
233
513
317
154
450
421
141
349
501
204
242
516
305
159
457
412
139
362
495
195
255
518
291
168
469
398
135
374
487
185
268
521
280
175
476
388
135
384
481
178
276
521
271
182
484
375
134
396
471
168
289
519
256
193
493
362
139
408
462
162
302
517
246
201
498
351
141
418
453
156
313
514
236
211
506
339
144
429
442
150
328
510
223
224
510
327
149
440
430
144
339
505
213
233
513
315
153
449
421
142
349
501
205
244
518
303
160
460
409
137
365
493
192
257
520
290
168
470
397
136
375
486
185
268
521
280
175
478
387
134
386
481
174
279
521
268
184
485
372
134
400
469
168
292
519
256
193
493
362
138
409
461
162
302
517
246
202
499
352
141
418
450
155
315
514
234
212
506
337
145
433
440
148
329
509
223
223
510
326
149
442
431
144
339
505
213
234
514
316
155
452
418
140
352
499
202
248
518
301
162
462
407
138
364
493
192
259
519
289
168
470
397
135
375
486
184
268
522
280
176
479
384
134
388
478
174
282
522
265
186
488
371
132
399
469
166
293
519
256
194
494
361
138
409
460
160
303
517
242
205
500
349
141
422
448
153
319
513
230
215
507
335
145
433
440
150
329
510
222
225
510
325
150
442
429
143
340
504
211
237
515
312
156
454
417
140
355
498
199
249
518
298
163
463
407
136
367
493
192
259
520
289
169
471
396
134
377
485
182
271
521
277
178
481
381
133
390
476
172
283
522
263
186
488
370
132
401
467
165
294
519
253
195
494
359
140
413
458
159
307
516
239
208
502
344
142
424
447
154
320
514
230
217
506
334
146
434
438
147
330
509
221
226
510
321
151
445
427
143
344
502
207
240
516
308
158
456
415
140
357
498
198
250
518
298
163
464
404
137
367
491
190
260
520
285
172
473
392
136
382
482
180
274
522
273
180
483
379
134
392
475
171
286
522
262
188
489
369
134
403
466
165
298
519
249
198
496
356
140
416
455
158
311
516
238
209
503
344
143
427
445
152
322
512
228
218
508
332
146
436
437
146
335
508
216
229
512
317
153
449
423
141
347
502
207
242
516
307
159
457
413
