=~=~=~=~=~=~=~=~=~=~=~= PuTTY log 2024.10.02 14:43:01 =~=~=~=~=~=~=~=~=~=~=~=
375
289
208
152
134
175
251
338
422
490
520
499
445
364
278
198
145
267
353
436
499
519
490
252
178
139
147
209
291
378
459
510
508
475
402
317
232
164
136
157
226
310
397
472
515
504
296
215
154
135
168
241
488
519
499
445
363
276
196
144
131
187
265
353
435
499
518
490
428
342
256
182
139
143
204
455
508
512
478
406
321
135
157
227
312
400
475
516
504
461
382
295
210
152
134
173
247
333
418
486
520
502
449
368
146
131
184
263
349
433
490
428
342
257
182
139
142
201
283
369
449
506
518
484
417
331
246
175
139
148
207
290
379
506
474
403
315
230
164
233
317
404
476
516
504
459
382
295
214
154
134
169
244
330
416
485
519
502
450
369
282
203
184
261
347
434
497
520
344
258
184
141
141
200
280
367
448
504
518
485
418
334
248
176
138
148
210
293
380
459
510
398
310
228
162
135
160
406
478
517
505
456
378
290
209
152
133
176
250
337
423
490
520
497
439
357
270
192
143
132
363
442
501
519
490
423
176
138
146
206
288
375
456
508
511
478
406
320
234
166
136
155
221
305
391
467
513
503
468
219
156
136
170
243
330
519
498
442
360
273
194
144
131
189
266
352
436
497
520
493
432
346
259
184
142
138
198
280
507
513
481
410
325
239
155
224
309
395
472
515
503
466
390
304
221
159
136
166
237
324
408
479
517
504
454
375
287
132
179
255
343
429
493
432
348
261
184
141
140
201
283
370
451
506
514
481
412
326
239
170
137
153
219
302
389
467
466
389
301
218
156
135
331
417
486
519
500
446
363
277
196
144
131
188
267
355
439
500
519
487
422
334
247
174
137
303
391
466
514
504
467
216
154
134
172
245
333
420
490
520
498
439
356
268
189
141
136
197
279
366
448
506
516
483
237
167
136
155
224
310
517
504
458
378
289
209
151
133
179
254
341
428
493
520
494
434
350
264
186
141
140
199
279
507
513
480
409
324
238
155
224
309
397
472
516
504
463
385
297
215
154
134
170
243
330
417
486
519
502
450
369
280
131
187
266
355
439
500
420
334
247
175
137
148
213
294
382
461
511
508
475
402
316
230
164
135
157
228
313
400
475
458
380
294
211
153
134
338
423
490
520
499
443
360
274
194
144
132
190
269
357
440
501
519
488
424
339
252
179
138
294
382
460
511
509
476
229
163
134
160
231
315
402
475
517
505
459
380
294
211
154
133
176
250
336
423
491
520
499
268
191
144
133
193
272
504
518
487
420
335
249
176
138
148
210
293
380
459
511
508
476
402
313
229
163
135
160
229
477
517
505
458
380
290
133
179
255
341
428
494
521
495
437
354
265
189
143
136
194
274
362
445
503
519
488
421
336
137
149
216
300
385
464
469
390
302
218
156
135
169
242
330
413
484
519
502
449
367
281
200
147
131
185
264
353
437
488
422
337
250
178
139
297
385
463
512
507
474
399
312
227
160
134
160
231
316
402
477
517
504
457
375
289
206
149
258
345
429
495
521
496
263
187
141
136
195
272
361
442
503
520
488
421
335
248
176
139
148
211
295
384
462
511
507
309
224
160
135
163
234
481
518
504
451
370
282
201
148
131
183
260
347
431
495
521
494
433
349
264
188
141
138
197
452
508
517
483
414
326
136
154
219
303
391
468
514
504
470
394
304
222
159
134
164
236
322
409
480
518
503
452
372
147
131
186
265
353
437
490
426
343
256
180
140
144
204
286
374
453
508
514
481
410
324
237
168
136
153
221
305
393
505
463
387
299
217
155
248
334
419
488
520
501
445
365
277
198
145
131
185
263
351
435
497
520
493
431
346
259
183
204
285
373
453
507
514
320
235
166
136
156
225
310
397
472
515
504
462
383
297
215
153
134
171
244
330
415
485
519
362
275
194
145
130
187
440
501
520
489
424
338
252
180
139
146
206
286
374
453
507
514
481
410
324
237
168
137
154
397
473
515
503
463
385
152
135
172
245
332
417
487
518
502
448
367
280
199
146
130
185
264
352
436
498
518
490
427
178
137
148
209
291
379
506
473
399
312
228
162
134
162
232
318
404
479
517
504
456
376
290
206
149
132
180
257
343
521
492
429
344
257
181
207
289
377
457
510
508
476
403
316
230
162
134
160
229
315
401
476
517
504
459
380
292
208
181
257
344
430
494
521
345
258
181
140
141
201
282
370
451
506
515
482
411
324
241
170
136
152
216
301
389
467
513
388
302
218
156
135
170
419
489
519
500
443
361
274
194
144
131
190
270
358
442
500
519
488
422
335
248
176
138
150
389
467
514
503
467
391
156
135
169
244
329
415
486
519
501
446
363
276
196
145
130
189
269
358
440
501
519
488
421
175
136
150
214
298
387
504
465
390
304
221
158
134
168
243
328
416
484
518
503
446
364
277
196
145
130
191
271
359
519
486
416
330
243
172
219
302
390
468
515
503
466
390
301
218
155
134
168
242
328
414
484
519
501
448
366
277
198
189
269
358
441
502
519
331
243
171
136
151
216
301
388
467
514
504
467
390
301
218
155
134
170
243
329
415
487
519
358
270
192
143
134
196
449
505
517
483
412
324
237
167
135
156
224
310
400
475
516
504
458
378
290
206
148
133
179
431
496
520
492
431
344
138
147
208
292
380
460
511
507
474
401
311
226
161
135
162
233
320
407
479
518
504
453
372
146
131
186
264
351
435
489
423
339
250
176
139
147
211
295
383
462
511
506
472
395
308
225
158
134
165
237
324
410
501
448
367
279
199
146
267
357
440
500
519
487
421
335
248
174
137
152
217
301
389
467
513
504
464
386
299
216
154
249
338
422
491
520
496
265
188
141
138
199
280
369
450
507
514
480
408
319
233
165
135
159
231
317
406
479
518
504
282
200
146
130
185
266
502
519
488
420
334
247
173
136
151
216
301
389
466
514
503
466
388
300
216
154
134
174
247
492
520
497
437
352
264
140
201
283
371
454
507
516
481
411
324
235
166
136
156
226
312
400
475
516
504
459
380
291
133
179
255
342
425
493
436
351
264
187
141
138
199
280
371
450
506
515
481
410
323
237
167
135
154
224
308
396
474
458
378
290
210
152
133
345
431
496
521
493
431
345
256
180
139
145
207
292
382
461
512
507
473
398
309
228
161
134
324
411
483
519
502
448
196
145
131
191
271
359
442
502
519
487
422
335
246
174
138
149
211
296
384
463
512
505
470
219
156
135
168
242
328
520
499
440
356
269
190
142
136
197
280
369
450
507
514
480
408
321
236
168
136
156
225
311
517
504
458
379
290
208
180
255
343
430
495
521
493
432
348
259
184
140
140
202
283
371
452
507
515
482
412
325
240
155
222
306
395
470
515
384
296
213
153
134
173
247
335
421
488
520
497
440
358
270
192
143
133
194
274
362
444
502
414
326
239
169
136
154
397
473
516
504
461
381
294
213
153
134
174
248
336
422
490
520
497
440
358
269
191
142
136
369
450
506
515
481
410
166
135
155
225
309
397
473
516
504
461
383
296
214
154
136
171
244
331
415
486
518
502
449
196
145
130
185
262
349
518
492
429
345
258
184
140
139
199
281
370
451
506
516
482
413
327
240
169
136
153
221
303
515
504
464
386
300
221
169
242
329
416
485
519
502
448
367
280
200
146
131
184
262
350
434
496
520
493
434
350
264
140
200
281
367
450
506
409
323
237
168
136
154
220
305
393
469
515
504
468
394
306
222
158
134
164
237
324
410
482
448
367
280
200
148
131
353
436
498
517
490
426
341
254
180
140
144
205
287
374
455
509
511
478
404
316
231
164
136
319
407
481
518
504
453
200
146
129
187
266
352
436
498
518
490
426
340
252
179
139
146
209
291
379
459
510
508
475
227
165
134
160
230
317
517
503
454
372
284
204
149
132
181
257
346
428
494
520
495
436
352
264
189
142
135
195
275
505
517
483
413
326
241
154
222
306
394
470
515
504
466
389
302
219
155
133
169
241
327
414
486
519
500
445
363
276
134
191
274
362
446
504
413
327
241
169
136
154
222
308
396
473
517
504
459
380
293
210
150
132
177
254
343
430
495
427
342
255
179
138
147
385
464
513
505
469
391
304
218
155
136
171
244
332
416
487
520
498
443
358
268
190
142
135
368
450
507
513
476
403
162
135
162
233
320
407
481
518
503
450
367
278
197
145
131
187
266
355
440
501
518
487
422
173
137
151
217
301
391
503
463
385
295
212
151
133
178
255
344
431
496
519
492
426
341
251
177
139
147
213
298
385
504
465
386
298
214
152
255
345
430
496
519
491
427
338
249
175
137
150
214
299
390
466
514
504
465
388
297
213
153
250
337
424
492
520
495
259
184
140
142
204
289
377
458
510
507
473
399
309
223
158
134
166
237
325
411
483
520
502
275
195
144
132
194
275
505
517
481
409
322
235
166
135
157
228
311
400
475
516
505
457
377
288
206
149
132
181
257
498
519
490
427
339
252
149
213
297
384
464
513
504
468
392
304
220
158
134
170
245
332
417
487
520
500
445
361
273
133
192
274
362
444
504
413
327
241
170
136
153
221
306
393
469
515
504
463
386
299
215
154
135
173
248
335
421
489
438
356
268
188
142
136
368
450
505
516
481
409
322
237
167
136
155
225
310
399
474
516
504
461
383
296
213
152
134
336
422
490
519
497
441
188
141
138
196
277
364
446
503
518
485
418
332
244
174
137
151
215
299
387
465
513
504
468
217
156
135
169
243
331
519
499
442
361
274
195
145
130
187
265
352
436
498
518
491
428
344
257
182
139
144
205
287
510
509
478
405
320
236
158
226
311
396
471
516
504
464
386
299
216
155
135
172
246
332
419
487
520
500
447
365
277
130
191
270
352
435
498
425
339
252
178
138
146
208
291
378
459
511
507
475
400
313
227
161
134
161
232
318
406
479
452
372
284
203
148
131
351
435
498
518
490
427
342
256
180
140
144
203
287
374
455
508
512
478
405
318
232
164
135
316
403
479
517
504
456
204
148
133
181
257
342
426
492
521
496
438
354
267
190
142
134
192
273
361
442
501
519
489
249
177
138
147
208
290
510
506
473
400
314
230
164
135
159
229
315
400
474
515
504
460
380
294
210
152
134
176
252
494
521
495
435
349
264
140
201
282
370
451
508
516
481
410
323
237
168
136
154
222
306
394
470
514
503
466
390
302
134
171
245
331
417
487
441
360
270
193
143
131
191
270
355
440
500
518
490
425
340
254
179
138
145
205
288
374
457
475
401
314
229
162
134
321
407
480
518
505
456
378
289
208
152
135
176
248
337
422
489
520
498
442
359
272
194
145
271
357
440
501
519
489
248
176
139
149
210
294
382
461
511
506
472
397
312
227
162
133
160
230
314
402
475
516
505
287
207
149
134
177
252
495
521
494
435
350
262
187
141
137
196
276
363
446
504
517
485
416
330
244
174
137
150
215
467
513
504
467
389
302
134
170
245
331
415
486
518
501
446
365
278
198
146
131
185
262
349
433
497
521
493
433
350
140
140
201
281
369
449
481
412
326
240
171
136
150
213
295
384
461
511
508
475
403
316
230
164
136
157
225
309
398
505
462
386
299
217
156
245
329
416
485
518
502
447
367
280
200
148
132
180
258
345
429
494
520
497
440
358
271
193
192
272
357
441
501
518
336
252
178
138
146
205
286
373
453
507
514
481
411
327
243
173
136
152
215
298
384
459
510
398
313
229
164
134
158
402
475
517
505
460
383
298
216
154
134
169
242
327
412
483
518
503
453
375
289
208
150
133
343
428
493
520
495
436
185
141
138
196
278
366
446
504
518
486
419
334
246
174
137
149
213
297
385
463
512
505
471
222
158
135
165
238
323
518
503
450
370
282
202
148
131
182
261
350
435
498
518
491
425
337
250
176
138
149
213
298
514
504
466
389
302
219
172
247
333
418
487
520
499
442
359
269
191
143
133
194
275
361
444
503
518
485
414
329
242
153
221
306
395
472
514
380
294
210
152
133
176
252
340
425
491
520
498
441
360
272
194
144
132
192
272
360
443
502
416
329
243
172
136
152
391
467
513
504
468
392
304
222
159
133
165
236
322
408
479
518
504
455
374
287
206
150
132
346
432
496
521
493
432
180
138
144
206
289
376
458
511
508
476
403
314
229
161
135
160
229
315
404
476
517
504
454
202
148
130
184
260
347
518
490
426
341
253
178
140
145
206
288
377
457
509
510
477
403
317
231
164
134
158
227
313
517
503
456
374
286
205
183
262
349
434
498
519
491
429
343
256
182
139
144
204
288
376
457
509
510
477
404
317
230
161
232
319
405
479
518
369
282
201
146
131
185
266
355
439
499
518
492
427
341
254
180
138
146
206
290
378
458
510
400
313
228
162
133
160
409
480
519
504
452
371
283
203
148
130
182
260
348
432
495
520
492
428
345
259
185
140
137
372
454
507
513
480
410
166
136
156
224
309
396
473
516
504
461
383
294
212
152
134
174
245
332
418
488
521
499
445
193
146
132
190
269
358
518
486
420
334
246
174
138
148
212
295
383
463
512
505
472
399
313
227
161
135
160
227
313
516
504
456
377
290
208
179
256
342
428
494
520
494
435
348
261
185
140
140
201
283
372
453
508
513
478
406
317
231
160
231
316
404
477
516
376
289
207
151
132
178
256
343
428
494
520
495
434
351
264
188
141
136
195
277
363
445
501
417
329
244
172
136
151
391
467
514
504
467
392
304
220
158
134
168
238
326
412
483
519
503
448
367
279
198
146
130
357
439
500
518
490
423
176
138
148
211
295
382
461
510
506
474
401
314
231
162
134
161
230
316
403
476
517
504
458
207
149
133
178
255
343
520
491
428
344
256
180
138
145
206
288
375
457
509
510
477
404
316
230
162
136
161
233
321
518
502
447
365
276
196
191
271
361
444
503
518
485
416
330
242
172
136
153
219
305
393
471
515
504
462
383
295
212
177
253
339
426
492
520
349
261
184
140
140
200
282
370
451
506
516
484
412
324
238
168
137
154
221
306
395
471
515
381
292
210
151
133
177
429
494
520
494
432
349
262
184
141
140
203
284
371
453
507
514
480
406
320
234
166
136
156
401
476
517
504
458
377
148
131
182
260
349
431
496
520
492
429
344
256
182
139
144
207
289
378
458
510
507
474
399
160
135
163
235
320
408
503
450
368
282
200
148
131
185
265
353
438
500
519
489
423
337
250
177
137
149
212
296
386
504
467
391
302
218
156
244
330
417
488
520
499
441
359
271
192
144
133
195
275
362
447
504
517
486
418
333
246
173
219
302
389
467
514
504
299
213
153
135
174
249
337
424
492
520
494
435
350
264
187
141
137
200
282
368
450
506
515
320
234
165
135
157
229
479
518
504
454
373
284
202
148
132
181
258
347
433
496
519
492
430
347
260
182
140
142
203
457
510
507
475
402
315
135
161
232
320
408
479
518
504
452
370
282
202
148
130
182
260
347
430
494
521
494
433
348
139
144
205
288
378
458
472
397
308
225
160
135
163
234
322
409
481
519
503
452
371
282
202
147
130
184
263
352
437
488
420
335
247
174
137
303
392
469
514
504
463
383
296
212
152
134
177
254
341
426
492
520
494
433
349
261
185
139
288
378
457
510
506
473
224
159
133
165
239
325
411
482
518
501
447
365
276
195
144
131
191
272
359
443
503
519
487
242
169
136
152
218
304
516
504
462
382
293
211
150
133
178
254
341
427
493
520
493
433
350
261
184
140
143
205
285
509
508
474
398
310
225
165
239
326
412
485
518
501
447
363
276
196
144
132
190
270
358
443
503
518
486
417
329
241
154
223
309
397
473
516
377
287
204
148
131
182
261
349
435
499
518
490
424
340
250
176
138
150
213
298
387
466
514
387
299
216
153
134
175
425
491
521
495
434
349
260
184
140
140
203
287
376
458
509
507
473
397
308
221
157
135
169
419
488
519
496
439
354
140
139
201
284
372
453
508
511
477
403
313
228
162
136
164
236
325
411
483
518
503
447
364
144
132
192
274
363
447
481
409
321
235
165
136
158
229
317
403
476
517
504
455
374
286
205
148
132
182
261
350
435
489
423
336
249
176
138
299
387
466
513
505
469
392
306
221
159
135
168
240
324
410
481
518
502
450
367
280
200
146
266
355
440
501
519
487
244
173
136
151
216
301
390
466
514
504
467
389
300
216
155
135
174
249
337
424
492
521
494
258
182
140
144
204
288
510
507
473
398
309
224
158
135
165
237
326
412
485
519
500
444
360
271
192
142
133
193
273
505
518
483
412
325
239
156
225
310
398
474
516
505
459
380
292
208
150
133
177
253
340
426
494
520
493
433
347
262
141
203
285
373
454
508
404
315
230
162
134
159
227
313
403
477
517
504
460
382
293
210
153
134
176
250
336
424
491
436
351
263
187
142
138
371
452
506
514
481
406
320
233
165
136
157
226
313
400
474
516
503
460
381
293
210
151
133
341
426
493
520
494
436
184
141
140
203
285
373
453
508
513
478
404
317
232
164
135
157
228
313
400
475
516
505
460
207
150
134
177
252
341
520
494
435
350
263
186
141
141
201
283
371
451
506
515
479
409
322
237
167
135
154
223
308
516
504
461
382
294
211
177
254
341
427
493
520
495
435
351
264
186
142
137
197
280
366
449
506
516
483
412
327
241
156
224
311
398
472
516
381
294
210
151
134
177
251
337
423
491
520
496
438
355
266
188
142
139
200
281
371
452
507
403
318
232
164
135
156
404
478
517
504
457
376
287
203
147
132
182
260
348
433
497
518
492
428
343
256
180
139
145
383
462
511
505
468
394
156
134
173
248
336
424
491
520
495
434
351
261
184
140
142
205
290
377
460
510
506
473
397
157
134
168
241
328
416
499
441
356
266
188
141
137
200
281
373
455
510
508
475
399
312
226
160
135
165
240
328
415
498
441
356
268
190
142
285
375
456
510
508
475
402
313
226
160
134
164
234
322
411
483
519
502
447
364
275
195
144
276
366
449
506
513
480
230
162
135
163
236
325
411
484
519
500
444
358
268
190
141
136
198
280
372
454
509
508
474
222
158
133
170
247
335
520
495
432
345
257
184
140
143
206
293
382
462
512
505
469
392
302
217
154
134
174
251
342
521
493
428
341
253
178
215
300
390
467
515
504
461
381
290
207
149
131
184
265
354
439
502
518
484
414
323
236
165
230
318
407
481
519
502
271
191
142
137
201
285
375
457
511
506
471
392
303
217
154
133
173
251
342
430
496
517
490
248
173
136
152
221
308
516
504
456
373
284
202
146
130
189
271
361
446
505
516
480
407
318
230
162
135
164
239
328
519
498
438
352
262
183
208
294
383
464
514
504
464
385
295
211
151
132
178
257
347
433
498
518
489
420
332
244
172
223
309
399
477
517
504
281
200
146
131
191
273
361
444
505
517
482
412
323
237
167
136
158
231
318
407
481
519
502
275
196
145
131
191
273
504
516
481
408
321
235
166
136
158
229
315
403
478
517
504
452
369
280
199
146
130
189
272
505
517
483
413
322
235
159
230
317
405
479
518
504
450
368
279
197
144
131
192
273
362
446
505
516
482
410
322
236
159
230
320
408
482
518
364
275
194
144
133
194
274
365
448
507
515
481
409
322
235
165
135
158
231
316
405
479
518
366
278
198
146
130
189
445
504
517
485
415
327
240
169
136
155
224
311
398
474
516
504
457
378
287
205
148
132
183
435
498
518
489
422
338
138
152
217
301
392
471
515
503
461
379
291
208
149
132
179
259
349
435
498
518
490
426
339
137
150
217
301
388
467
462
383
292
209
150
132
181
259
349
436
499
518
489
422
336
248
176
137
150
214
299
388
466
465
386
298
214
153
133
341
428
494
521
493
433
346
258
182
139
144
208
294
383
462
511
504
467
389
300
219
156
135
339
427
494
520
492
428
178
139
149
213
298
387
466
513
503
466
386
297
212
152
133
176
253
343
430
495
518
491
424
174
137
151
218
303
392
504
459
379
289
206
149
131
182
264
353
439
501
519
487
419
331
242
171
137
153
220
305
396
504
458
380
292
209
150
257
346
433
496
520
491
426
340
251
177
139
147
212
297
385
463
511
505
471
394
304
219
156
244
334
421
489
520
496
263
186
140
140
203
284
372
454
508
511
476
403
314
228
161
134
162
237
325
412
483
518
503
274
194
144
133
193
274
505
515
482
409
321
236
166
136
156
227
313
400
476
517
504
457
374
286
205
147
132
182
260
499
519
489
424
338
249
152
218
303
392
470
515
504
462
385
298
213
153
134
175
252
339
425
492
520
495
434
349
261
144
205
288
375
457
509
399
310
226
160
134
166
237
325
412
484
519
501
445
362
274
194
144
132
192
273
360
443
502
414
326
239
167
136
156
402
477
517
503
454
372
284
202
147
130
185
265
355
438
500
518
487
420
334
245
174
136
153
396
472
516
505
460
380
149
131
182
262
350
435
500
518
489
422
336
248
175
136
152
216
302
391
466
515
504
463
385
153
133
178
256
344
429
492
429
344
256
178
139
147
211
294
383
463
512
504
469
392
303
218
154
134
172
248
336
422
495
435
350
262
185
140
287
377
458
511
507
473
398
309
223
159
135
168
242
329
417
487
520
498
442
359
271
190
142
280
368
448
505
515
479
232
164
136
160
229
319
406
480
518
503
451
369
281
202
146
130
185
265
352
437
499
518
489
246
173
137
152
218
304
515
504
462
381
293
210
151
134
174
253
340
426
494
520
494
435
352
263
185
140
143
203
286
510
507
474
401
314
228
164
237
324
412
484
519
502
445
362
275
195
144
131
189
268
355
439
500
519
489
420
336
249
151
215
299
387
466
514
388
300
216
154
134
174
248
338
424
492
521
494
434
349
261
183
140
142
204
287
374
455
509
400
310
225
160
134
164
414
486
520
500
442
358
269
190
141
138
199
282
371
454
509
509
474
401
313
228
162
136
164
414
485
519
500
444
359
142
136
198
281
369
453
508
509
476
401
313
227
160
135
165
240
327
416
488
520
498
442
357
141
136
196
279
369
450
478
407
318
230
163
133
161
232
319
408
483
519
502
445
364
277
194
144
132
191
271
358
443
482
410
322
234
164
136
317
406
480
518
502
451
368
277
198
145
130
187
267
356
441
502
519
488
420
332
243
172
137
307
396
472
516
504
460
207
149
131
181
259
348
434
497
518
491
427
339
252
177
137
148
211
296
385
464
513
504
469
218
156
134
171
243
331
520
498
438
354
264
186
141
139
200
283
373
454
508
513
479
406
317
230
162
134
161
232
321
519
502
449
366
276
197
192
272
361
443
503
518
484
415
326
240
170
136
154
225
310
399
474
516
505
459
379
290
208
181
259
346
432
498
519
338
250
176
138
149
212
298
386
463
513
505
470
393
304
225
158
135
168
240
329
417
487
520
357
267
189
142
137
199
453
507
513
479
407
320
233
165
138
157
229
313
401
476
517
504
457
375
288
205
148
132
182
435
500
519
491
427
339
137
149
211
296
383
462
512
506
472
397
308
223
158
134
167
240
327
414
486
520
501
444
361
143
134
193
275
363
446
482
409
322
239
168
136
157
224
310
397
475
517
505
459
378
292
210
150
134
177
252
341
426
493
433
348
259
184
140
286
375
457
510
512
478
405
318
231
164
135
160
230
315
405
478
517
505
458
376
288
205
148
261
351
435
499
519
490
248
176
137
150
213
299
389
467
514
504
467
391
302
218
156
134
172
247
335
424
491
520
497
264
186
141
139
201
284
510
513
479
404
317
232
163
134
160
229
318
405
477
517
504
455
374
286
206
150
132
180
257
498
519
492
427
342
254
148
212
295
383
462
512
506
472
397
310
225
160
134
163
238
326
412
484
519
501
445
361
274
133
195
276
366
450
506
408
320
234
166
136
158
229
317
405
479
518
503
451
370
282
201
146
131
186
267
354
438
502
421
332
245
173
137
151
392
470
516
504
463
383
296
213
152
134
176
250
338
423
491
520
495
437
351
263
186
140
140
375
456
509
509
476
400
160
135
164
236
323
411
482
518
503
451
370
282
201
148
132
184
261
350
434
500
519
489
423
174
137
150
216
298
387
504
467
391
303
219
156
134
168
242
331
417
487
518
500
444
361
272
193
144
133
191
272
361
518
484
414
328
241
170
224
309
397
472
515
504
461
380
292
210
151
132
179
256
343
429
494
521
494
431
344
256
180
208
292
381
461
511
505
305
220
156
134
171
245
332
420
489
520
497
440
356
268
192
143
133
196
276
364
447
504
517
324
236
168
136
156
225
475
516
504
458
376
288
204
148
132
181
262
352
437
499
519
487
418
331
244
171
136
153
220
472
517
504
460
380
290
131
181
260
347
432
498
518
491
425
338
250
177
138
151
217
303
391
469
515
504
462
385
296
134
176
255
342
427
491
435
350
262
184
139
142
203
285
373
455
509
511
476
402
315
228
160
134
163
236
322
411
484
444
362
273
194
144
132
363
446
504
518
485
415
328
240
169
136
156
224
310
399
476
518
503
456
375
287
204
148
132
350
436
499
518
488
422
174
138
150
216
300
388
468
515
504
466
389
300
215
154
134
173
249
336
423
491
520
496
436
185
139
144
205
288
378
505
472
395
306
221
156
135
169
243
331
419
488
519
497
438
353
263
185
140
141
202
287
377
506
473
398
309
224
158
243
332
418
489
520
499
441
356
266
189
141
137
200
282
370
451
507
512
479
404
315
230
163
234
321
409
484
518
502
274
193
143
134
195
276
366
449
507
516
481
409
320
234
166
135
156
229
316
404
478
518
504
278
198
145
130
188
269
503
518
486
416
330
242
172
137
153
220
306
394
471
515
504
460
380
291
209
151
134
179
257
497
518
490
426
338
250
149
215
299
388
466
514
503
465
387
297
213
152
134
176
252
339
425
493
520
495
434
348
261
143
205
289
378
458
510
397
309
223
159
135
165
238
324
413
485
519
501
445
364
276
195
145
132
190
271
358
443
504
413
326
238
168
136
156
402
477
516
504
455
372
282
200
146
130
185
265
354
439
500
519
488
421
334
245
173
136
152
392
469
515
505
460
381
151
132
179
257
345
430
495
520
492
430
343
256
181
140
145
208
292
382
463
513
504
468
390
152
134
175
250
337
425
493
432
347
258
185
139
142
204
287
375
456
510
511
475
400
312
226
160
134
164
237
323
411
501
446
364
278
196
145
271
359
443
503
518
484
415
327
240
170
136
154
223
308
398
473
516
503
459
379
289
207
150
256
345
429
494
521
495
259
182
139
145
206
290
379
460
511
506
473
398
310
226
160
136
165
237
324
411
483
518
501
275
196
144
132
190
269
503
519
485
418
332
246
172
136
151
216
301
390
467
514
504
466
388
300
216
154
134
172
244
490
520
498
440
357
270
135
195
278
365
449
506
516
482
411
323
236
166
136
157
226
312
399
475
516
504
457
376
287
131
185
263
351
435
497
424
338
249
176
138
149
213
298
388
467
514
504
466
388
300
215
153
135
173
249
337
425
493
432
346
259
183
138
146
384
464
513
504
467
390
300
216
154
134
173
247
335
423
490
520
497
438
354
265
186
141
136
371
452
509
512
478
405
163
134
161
233
321
408
481
519
502
447
365
277
197
145
130
189
270
359
443
503
517
484
414
168
136
156
222
307
394
505
460
382
295
211
152
134
177
253
341
426
494
520
494
434
351
264
187
141
137
200
278
366
515
481
411
323
236
166
228
312
402
476
517
505
457
377
290
208
152
132
177
253
338
424
492
520
495
436
352
264
186
201
286
373
454
508
513
319
235
164
136
159
227
313
400
476
517
503
456
375
287
206
147
131
184
261
350
436
498
519
336
247
175
138
148
212
466
513
504
467
389
301
218
156
136
168
242
328
415
486
519
500
447
362
275
196
145
132
190
443
502
519
486
417
332
137
152
218
304
391
465
512
504
470
394
307
222
158
135
165
236
323
409
481
519
503
453
372
147
132
183
261
348
433
491
429
345
259
183
140
143
203
285
373
454
508
511
476
403
316
232
165
134
161
229
314
400
504
457
379
290
208
150
256
342
428
493
521
495
437
354
267
190
142
134
195
275
362
444
503
518
486
417
331
245
173
217
299
386
465
513
504
302
217
156
134
169
241
328
416
486
520
499
443
361
271
192
143
134
194
273
361
443
502
519
330
243
173
137
152
217
470
514
503
464
386
298
214
154
135
172
246
334
421
491
520
497
439
354
267
189
141
136
195
449
506
515
482
412
324
135
155
223
309
398
473
516
504
460
380
292
210
152
134
177
253
342
426
493
520
495
435
351
140
141
202
285
373
453
477
404
317
233
165
136
158
228
315
402
477
518
504
455
374
286
205
149
132
181
261
347
433
490
425
340
249
176
138
300
388
466
513
504
467
389
302
218
155
135
171
247
334
420
489
519
496
439
356
269
191
142
278
366
445
504
518
485
238
169
136
153
220
304
392
470
516
505
462
384
296
213
152
135
175
250
336
422
490
519
497
267
188
142
137
197
280
507
513
481
409
322
235
165
136
157
225
312
398
474
516
504
458
379
290
208
150
132
178
255
495
520
492
428
342
255
146
210
294
384
463
512
505
471
395
306
222
159
136
167
240
327
415
485
519
500
445
364
274
132
192
272
362
444
502
414
325
240
170
136
154
220
307
395
471
515
504
462
381
293
210
151
133
177
252
342
428
494
431
346
258
182
139
144
377
457
509
510
477
403
316
230
164
134
160
232
318
405
478
517
503
451
370
282
201
146
130
354
440
501
518
488
420
173
138
151
217
303
389
467
514
504
463
385
296
213
152
134
175
251
338
422
490
520
498
438
186
140
140
203
285
375
508
473
397
311
225
160
134
165
240
326
415
485
518
500
445
360
273
194
144
134
194
276
363
516
483
412
322
237
166
227
313
401
477
517
504
453
372
281
200
146
130
188
267
355
439
500
519
488
422
338
251
176
213
300
387
467
513
503
299
216
154
135
173
246
334
420
491
520
496
439
354
266
187
140
140
201
282
371
452
508
513
317
232
164
134
160
231
482
519
504
451
372
284
202
148
131
183
261
348
435
498
518
490
427
340
252
177
138
147
209
462
511
504
469
393
306
134
169
242
329
416
485
520
500
446
363
274
195
144
131
190
269
358
442
502
520
488
419
332
136
151
218
303
392
468
462
383
294
212
152
134
176
251
339
424
492
520
495
435
348
260
184
140
142
205
288
377
457
473
398
309
224
158
136
332
419
488
520
497
438
352
264
186
140
141
201
285
373
453
510
510
476
404
316
232
163
133
321
408
481
519
503
452
198
146
130
187
265
354
439
500
518
489
423
337
250
175
139
148
213
297
386
463
513
503
467
216
154
135
172
247
334
519
496
439
354
265
187
141
136
198
280
371
452
507
513
479
406
318
231
163
134
158
230
316
519
504
452
369
281
200
188
268
355
440
501
519
489
420
333
246
172
137
151
216
302
389
469
514
504
464
387
297
214
176
251
339
425
493
521
348
259
184
140
142
206
289
378
460
511
506
471
396
308
223
159
135
165
239
327
413
485
519
361
273
192
143
134
194
449
506
515
481
411
324
237
166
136
156
225
310
400
474
517
505
458
378
288
205
150
131
181
437
498
519
490
422
336
137
151
217
302
391
469
515
504
463
383
295
212
152
134
177
253
343
430
494
521
492
429
343
139
148
209
291
384
463
467
391
301
216
154
135
173
249
337
423
492
520
495
434
349
262
185
141
142
201
284
373
454
475
400
312
226
160
134
323
410
483
519
501
446
363
274
196
144
131
189
269
357
441
502
519
486
417
334
248
176
138
300
388
466
513
503
468
216
156
135
170
244
331
418
488
520
499
442
358
270
191
142
133
193
273
361
445
503
518
484
240
170
136
154
219
305
515
505
463
386
297
215
155
134
173
246
331
418
487
519
499
443
360
273
194
144
132
189
270
503
518
486
417
332
246
152
217
303
390
467
514
503
468
390
302
219
157
134
168
240
328
414
484
518
502
450
367
279
131
189
268
353
438
500
420
334
248
175
138
148
214
297
386
464
512
504
468
392
303
220
156
135
168
241
329
416
486
442
360
273
194
144
131
362
445
503
518
485
416
329
244
172
137
150
216
301
389
467
513
504
466
389
302
219
156
135
332
419
488
519
500
445
192
143
134
193
274
362
445
504
518
484
416
329
243
172
136
152
216
300
388
465
514
504
465
214
154
134
174
251
339
521
495
434
350
263
184
140
139
201
283
370
452
508
511
478
404
317
232
163
135
161
232
319
518
502
448
367
278
199
188
269
360
443
503
518
486
417
331
244
172
137
152
218
304
390
470
515
504
463
386
298
213
176
252
338
425
493
521
346
258
181
139
144
206
289
379
459
511
506
472
397
308
224
158
136
167
240
327
416
486
519
357
268
190
142
137
196
452
506
513
479
404
318
232
164
134
158
228
315
401
476
516
504
459
379
293
210
151
134
175
424
492
520
496
437
354
140
138
201
282
370
451
506
514
480
410
323
236
168
136
155
224
310
397
471
514
503
463
383
151
133
176
252
339
425
494
433
349
262
185
140
143
200
282
370
452
508
514
481
410
323
237
167
134
157
226
310
399
505
457
375
287
205
148
260
347
433
497
518
490
425
339
252
178
138
145
210
294
381
461
512
505
470
394
307
223
157
243
331
416
486
520
500
272
194
144
132
193
273
360
442
502
519
487
421
335
249
173
136
150
217
301
387
467
513
504
298
216
153
135
175
248
492
520
496
438
354
267
189
144
135
194
275
363
445
504
519
487
419
334
246
173
137
150
214
467
515
504
465
388
301
134
172
247
331
416
486
519
501
447
364
275
195
145
130
187
268
355
437
499
518
491
428
342
138
147
209
291
377
458
474
400
315
232
164
135
159
226
311
397
471
515
504
462
386
299
218
157
133
168
238
323
409
503
452
372
283
203
149
260
348
432
497
522
493
433
349
263
187
141
138
198
279
366
447
504
517
485
416
332
248
175
216
300
387
464
513
504
302
218
156
134
168
240
325
411
483
519
503
454
374
287
206
149
132
179
256
342
427
494
521
350
262
186
141
136
195
447
504
518
485
416
332
246
174
138
149
211
294
382
461
510
507
475
402
316
230
164
136
156
400
474
516
503
461
383
152
136
175
248
334
419
488
520
500
446
363
276
199
146
131
184
261
349
433
496
521
493
433
181
140
142
204
283
371
510
478
405
318
232
165
136
155
226
310
395
472
515
504
463
383
298
215
155
135
170
244
331
519
499
444
362
275
197
191
270
356
439
500
518
489
425
340
254
181
139
144
206
287
373
455
508
513
479
408
325
239
154
220
305
393
468
514
387
300
216
155
135
169
243
328
412
483
519
503
451
370
285
205
148
133
180
257
344
428
493
434
346
260
184
141
140
373
453
508
513
479
410
323
238
167
136
156
224
307
395
471
515
505
463
385
297
215
154
135
337
424
491
520
498
439
188
142
135
195
275
364
447
505
518
485
417
331
246
174
137
150
215
300
387
465
513
504
471
223
159
136
166
238
325
519
501
446
363
273
193
145
131
190
270
360
443
501
519
488
422
337
250
176
139
146
208
290
511
506
471
395
308
225
167
238
325
411
483
518
503
451
369
282
202
146
129
184
261
350
434
497
518
491
427
342
255
145
207
289
376
456
509
401
314
230
163
135
157
229
313
400
476
517
504
458
378
289
208
150
133
177
254
342
426
492
434
349
262
186
139
139
371
451
507
514
480
409
322
237
168
136
156
224
307
395
471
514
504
461
383
295
212
152
135
341
425
492
520
497
439
188
141
137
196
276
364
446
505
517
485
416
329
242
171
137
150
215
300
389
466
513
503
470
218
157
134
168
240
328
519
500
444
362
273
195
144
131
192
270
356
440
500
519
488
421
335
248
175
137
149
213
298
513
504
467
390
302
219
171
244
331
417
487
520
499
442
359
270
192
143
133
194
274
363
445
504
518
483
413
326
240
155
224
309
396
472
515
381
294
210
152
135
175
250
337
424
490
519
497
439
355
268
189
142
136
195
276
363
447
503
414
327
240
170
136
153
394
470
515
504
464
388
299
215
154
135
171
245
333
418
487
519
500
446
365
277
197
146
131
355
439
500
518
489
421
173
137
150
214
299
386
465
513
504
470
393
306
222
158
134
162
232
319
407
480
517
504
457
204
149
130
182
258
344
519
492
429
345
257
183
140
141
205
283
370
452
506
514
482
409
325
239
169
136
152
221
305
515
504
463
386
300
215
175
249
336
422
489
520
497
441
357
270
192
143
134
192
273
361
442
503
519
486
419
333
246
152
218
304
391
468
514
386
298
217
156
134
170
243
328
413
484
519
501
447
364
277
197
145
132
190
270
357
441
501
416
329
244
172
136
153
394
470
515
503
464
387
300
215
152
134
175
249
335
422
492
521
497
441
358
270
191
143
136
366
449
505
516
482
411
166
135
155
224
311
399
475
515
504
461
384
295
212
153
136
173
246
334
420
489
519
499
444
194
143
132
192
270
358
519
486
418
332
248
176
137
146
210
293
380
459
508
509
477
402
316
231
165
135
157
227
313
517
504
456
377
290
208
181
259
346
431
496
520
492
430
344
258
183
140
141
201
285
373
453
507
513
479
408
321
235
158
227
312
400
474
516
376
290
208
150
132
177
252
339
424
490
520
498
440
357
270
192
142
134
193
274
361
444
503
414
328
241
170
136
153
395
471
515
505
462
383
296
214
152
134
174
246
333
417
487
520
500
446
366
278
200
146
130
354
437
498
518
491
428
178
139
145
207
286
374
455
507
514
481
410
326
239
169
137
153
218
302
389
468
514
503
467
216
155
135
170
243
329
519
500
446
362
275
196
144
131
189
269
357
439
500
519
