=~=~=~=~=~=~=~=~=~=~=~= PuTTY log 2024.10.02 14:38:01 =~=~=~=~=~=~=~=~=~=~=~=
376
396
169
523
193
364
408
164
517
201
353
418
157
514
209
343
428
149
511
224
328
441
144
504
237
311
453
140
499
248
301
463
138
493
260
290
470
135
486
269
279
479
134
478
280
268
489
133
467
294
254
495
140
455
310
239
502
142
448
321
229
508
147
436
333
219
512
150
427
343
210
515
156
417
354
197
519
165
402
370
188
520
176
388
384
177
522
183
376
397
170
522
191
365
406
162
514
199
354
416
157
515
209
343
430
149
511
223
329
440
144
505
237
312
453
141
499
247
302
461
138
494
258
291
470
136
487
269
281
478
134
480
279
265
488
133
468
294
254
497
140
457
309
240
503
143
447
320
231
507
146
439
331
221
511
151
428
342
210
515
157
419
357
198
518
165
404
368
187
522
174
390
384
179
522
182
378
394
171
522
190
367
404
164
510
200
355
415
158
516
208
340
429
149
511
222
330
443
144
505
235
315
451
141
500
246
303
461
138
494
256
291
469
136
488
268
283
477
135
481
281
266
487
134
470
292
252
496
139
458
308
241
501
142
448
318
231
506
145
440
330
222
511
150
430
342
213
515
155
416
356
199
519
164
406
372
187
520
173
390
382
178
521
181
379
392
171
523
189
368
403
165
523
198
356
415
160
516
211
342
428
150
512
220
328
441
144
505
234
315
451
141
500
244
304
459
138
495
256
294
468
137
488
266
282
476
134
479
280
267
487
133
470
296
252
495
139
458
307
242
501
142
451
317
232
506
145
441
329
222
511
149
430
340
214
514
158
416
354
201
519
163
402
371
188
520
173
392
381
180
521
181
381
392
173
523
188
370
403
166
522
198
359
412
159
516
210
343
427
152
513
223
327
440
144
506
234
317
450
143
501
244
307
459
139
495
253
295
466
136
489
265
284
475
134
479
280
269
485
133
468
295
254
494
136
460
305
244
501
142
452
316
233
505
145
442
327
224
510
149
432
338
214
516
156
418
354
201
518
165
403
369
189
520
172
393
380
181
522
179
382
390
174
522
188
371
401
166
522
196
359
411
157
515
209
344
426
152
511
223
329
440
147
507
232
319
449
142
502
242
307
458
139
496
252
296
466
136
490
263
285
478
134
480
279
271
485
133
470
294
256
495
127
461
304
245
500
141
452
315
235
504
144
443
326
225
509
150
433
337
211
515
157
418
353
203
518
164
404
368
190
520
171
394
379
182
521
179
383
389
174
521
186
373
400
167
523
195
362
414
158
516
207
346
425
151
511
220
329
439
146
507
230
319
447
142
502
240
309
456
139
497
252
297
465
137
491
262
281
476
134
481
277
272
486
133
471
292
257
493
133
462
302
247
499
140
454
313
236
505
144
444
324
226
509
148
435
340
213
514
154
421
351
200
518
163
406
366
191
519
169
395
377
183
521
178
385
388
176
522
186
374
399
168
522
193
359
413
159
516
207
347
427
152
511
220
331
437
147
508
230
321
446
143
504
239
310
455
140
498
250
300
464
137
491
265
283
475
134
483
276
269
485
132
471
290
259
493
132
463
302
247
498
140
455
312
238
505
144
445
323
227
508
146
432
339
214
514
154
422
354
201
518
162
407
365
193
519
169
397
375
183
521
176
386
386
176
522
184
376
397
170
522
196
360
412
160
517
205
344
425
152
512
218
333
435
146
508
229
321
445
143
504
237
312
454
139
498
248
300
463
137
491
264
285
475
136
484
278
271
484
134
473
290
259
492
133
465
300
249
497
141
456
310
239
502
144
447
321
229
508
148
433
336
216
513
153
419
352
202
517
162
409
363
194
519
168
397
375
185
521
175
387
385
177
522
183
376
396
171
523
195
361
411
160
517
208
345
424
152
513
217
334
435
148
509
227
323
444
143
505
236
312
453
140
500
247
302
462
137
491
261
287
473
135
482
277
272
484
133
474
288
262
491
133
465
299
250
496
139
457
309
241
502
143
448
320
230
509
147
434
335
216
513
156
420
352
204
517
160
409
362
194
519
166
399
373
186
520
174
389
384
178
522
183
379
394
169
523
194
363
409
162
517
207
347
423
154
513
216
336
433
148
509
225
325
442
145
505
236
314
452
141
500
246
303
464
136
492
260
288
472
135
482
275
273
483
135
474
286
262
489
132
466
297
251
495
139
458
309
240
501
142
449
318
228
509
146
435
334
217
515
154
421
350
205
517
160
412
361
196
518
166
401
372
188
520
174
390
383
180
522
181
380
397
169
522
194
364
407
160
516
206
348
421
153
514
215
338
431
148
510
225
326
442
145
505
235
315
451
141
501
244
300
463
137
493
260
289
474
135
483
273
275
482
134
475
284
263
488
132
468
297
253
495
138
459
307
245
501
141
450
322
229
508
147
437
332
214
514
154
423
347
206
517
160
413
359
196
519
166
403
370
189
521
172
392
381
180
521
180
377
396
170
522
191
366
411
160
517
204
350
420
155
514
214
340
431
149
511
223
328
440
145
506
233
316
449
141
501
248
302
462
139
493
257
287
472
135
484
274
275
480
135
476
283
265
488
133
469
295
254
495
134
459
306
244
501
141
447
321
231
507
147
437
336
215
512
153
424
347
207
516
159
414
358
198
519
165
404
369
190
520
172
393
380
181
521
183
377
395
171
522
191
363
409
162
518
203
352
419
156
514
212
340
430
151
511
221
329
438
146
506
232
317
448
141
500
246
302
460
138
495
261
288
472
136
485
272
277
481
134
477
282
266
487
134
469
294
255
493
127
461
305
245
499
142
449
319
232
507
145
436
336
217
513
153
425
345
208
515
158
414
356
198
518
164
404
367
190
519
170
394
378
182
522
181
379
393
171
522
193
364
409
162
517
203
352
418
155
514
211
342
428
151
511
221
331
438
147
508
231
319
447
140
500
244
303
459
138
492
260
289
472
136
485
270
278
479
134
478
282
267
486
133
470
292
256
493
133
462
303
247
501
142
450
319
231
506
147
436
334
218
512
152
426
344
209
515
157
416
355
200
518
164
406
366
192
521
171
395
377
180
522
180
380
392
172
523
191
365
407
163
517
200
354
418
156
515
210
344
427
151
512
220
333
438
147
508
229
320
450
142
501
244
306
458
137
493
259
290
470
135
486
268
280
478
134
479
280
269
485
134
471
290
259
492
133
463
302
243
500
142
450
317
234
507
147
438
332
219
512
150
427
344
210
515
157
418
354
201
518
163
407
365
192
520
169
397
380
181
522
179
381
392
170
522
191
365
406
163
514
200
355
416
157
516
209
344
427
152
513
219
333
436
147
508
229
317
450
142
502
243
306
461
137
493
258
291
470
136
487
268
280
478
135
479
279
269
485
133
472
290
258
492
133
464
306
244
501
142
451
317
229
507
146
438
332
220
512
152
428
342
211
515
157
418
353
202
517
162
408
364
193
519
169
393
379
182
521
178
382
395
170
523
191
367
405
164
509
199
355
416
158
515
208
345
425
153
512
217
334
435
148
509
232
318
449
141
501
242
302
461
138
494
257
291
470
136
487
267
280
477
134
480
278
270
484
132
473
289
260
491
132
461
304
245
499
141
452
320
231
507
145
439
331
221
511
150
429
342
212
515
155
419
352
202
517
161
409
363
194
519
171
395
379
182
520
178
380
394
173
522
190
368
404
164
522
198
356
414
157
516
208
346
425
152
513
218
335
434
148
508
231
319
447
142
502
245
304
460
139
495
256
293
468
136
488
266
282
476
134
481
279
272
483
134
474
288
262
491
132
462
303
246
499
141
449
319
233
506
146
440
329
222
511
150
429
341
212
514
155
420
352
204
518
161
410
362
195
520
170
395
376
182
522
180
380
393
175
522
189
369
403
165
522
198
358
413
158
517
207
347
423
153
513
216
336
433
146
507
229
320
447
142
501
244
305
459
138
495
254
293
467
135
489
265
283
476
134
482
276
272
483
134
474
287
261
492
132
462
303
247
499
142
450
318
233
506
145
440
329
222
510
149
430
340
214
515
155
421
351
204
517
160
410
361
191
520
170
396
376
184
521
180
381
391
172
523
189
370
402
166
522
198
360
413
159
517
206
348
423
153
513
215
337
437
146
509
229
322
446
142
501
243
305
458
138
496
254
294
468
136
490
265
283
475
135
482
275
272
483
133
474
286
258
493
133
463
301
248
500
141
450
317
233
505
145
442
329
224
510
150
432
340
214
514
154
423
350
204
517
160
411
366
192
519
169
396
376
180
521
180
382
391
173
523
188
370
401
166
523
197
359
412
159
516
206
348
422
154
513
214
333
436
147
508
229
321
448
141
502
244
307
459
139
496
254
295
467
136
490
263
285
474
134
483
275
273
482
133
475
289
258
492
132
464
301
244
500
141
451
316
233
506
145
442
328
224
509
149
432
339
214
513
153
422
350
205
516
161
407
364
192
519
168
396
379
181
522
179
382
390
174
522
188
371
400
166
523
196
359
412
161
516
205
349
422
154
514
218
333
435
146
509
228
319
449
143
502
242
306
458
139
496
252
296
466
136
490
263
285
474
135
483
274
274
481
134
472
290
259
491
132
464
304
245
500
141
451
315
235
504
144
443
326
225
509
149
433
338
215
513
153
424
349
206
516
161
409
363
194
520
168
394
379
182
521
178
383
388
174
521
186
372
400
168
523
195
362
410
162
517
204
350
421
155
513
217
335
434
148
509
231
320
447
142
502
240
308
456
139
497
252
298
464
137
492
262
286
474
135
484
272
276
480
134
473
289
260
491
133
461
303
246
499
140
454
314
237
504
144
445
325
226
509
148
434
336
217
514
153
424
346
206
516
161
411
363
194
519
168
395
377
183
521
177
384
388
176
522
186
375
398
168
523
194
363
409
162
517
203
352
418
154
514
215
336
433
149
508
229
320
446
143
503
240
310
455
139
498
250
300
465
137
492
261
288
471
135
485
271
277
483
134
474
286
262
489
132
463
302
247
498
139
455
313
237
503
144
445
324
228
509
147
435
334
217
513
152
425
345
205
517
161
411
361
196
520
169
396
377
183
521
177
386
387
177
522
184
374
397
169
522
193
363
408
162
517
202
353
423
155
514
215
337
432
146
508
229
322
445
143
504
238
310
455
140
498
248
300
464
138
492
259
289
471
137
486
271
274
483
133
475
286
262
491
134
464
301
248
498
141
455
312
239
503
144
446
322
229
508
147
436
334
219
513
151
427
349
205
516
159
412
359
193
519
169
398
376
185
521
176
387
386
176
522
183
376
396
170
522
192
365
406
162
517
202
349
420
157
514
213
338
435
148
509
227
324
445
143
504
238
311
454
140
499
247
301
462
138
493
259
291
470
136
486
273
274
481
134
476
284
260
492
133
464
300
249
497
140
456
310
239
503
142
447
321
229
508
147
437
333
220
512
151
423
348
205
516
159
413
364
194
519
168
398
374
185
520
176
389
385
177
522
183
377
396
169
523
191
366
406
164
515
204
350
420
154
514
214
335
435
148
509
226
324
444
144
505
237
313
453
140
500
247
303
463
137
494
257
291
470
136
483
273
276
481
134
477
288
260
490
132
464
299
249
497
139
457
310
239
503
144
447
321
229
507
146
437
332
220
511
153
424
348
207
517
160
409
363
194
519
168
398
374
185
520
175
388
385
178
522
183
377
395
170
522
191
366
405
164
518
204
351
420
156
514
216
335
433
148
509
226
325
443
144
505
236
313
452
141
500
246
302
461
137
494
257
293
469
136
485
272
277
480
134
474
286
262
490
133
466
299
251
496
140
458
309
240
502
143
448
320
230
507
146
439
330
222
513
153
425
347
208
516
161
411
362
194
519
167
401
373
186
521
174
388
383
178
521
182
378
394
171
522
190
368
405
161
517
203
352
418
155
513
216
337
432
148
510
226
325
444
144
505
235
314
452
141
500
246
302
460
137
494
257
293
473
135
485
271
278
480
134
474
287
262
490
133
466
297
251
496
139
457
308
241
502
142
448
320
231
506
146
440
331
217
512
153
425
345
208
517
161
411
361
196
520
166
400
372
187
520
174
390
383
179
521
182
379
394
172
522
190
369
408
162
517
202
353
418
154
514
216
338
432
149
510
224
326
442
145
505
234
316
451
142
500
245
304
460
138
495
256
289
471
135
486
270
278
482
134
475
285
265
489
133
467
296
252
495
139
459
307
243
501
142
450
318
232
507
145
440
333
218
512
152
426
345
206
517
159
412
360
196
519
165
401
371
189
519
173
391
382
182
521
181
381
392
173
523
189
365
407
162
516
201
354
421
155
514
213
339
431
150
511
224
327
440
146
506
234
317
450
142
501
243
306
459
139
495
258
290
470
135
486
269
275
481
134
476
284
265
488
132
468
294
254
494
137
460
305
244
500
141
451
316
233
505
145
438
332
220
512
152
428
347
207
516
158
414
359
198
518
165
403
369
188
520
173
392
380
181
521
180
382
391
174
522
191
367
406
165
515
200
351
419
155
514
213
340
429
150
510
223
329
439
146
508
233
317
449
142
502
242
306
458
138
494
258
292
470
136
488
272
276
480
134
476
284
266
488
133
469
293
256
495
135
461
305
244
500
141
452
315
235
505
147
439
331
220
511
150
425
347
207
516
159
415
357
198
519
165
403
368
189
520
171
393
379
180
521
179
382
391
173
523
191
367
406
164
509
204
352
420
155
515
212
340
429
150
512
222
329
438
145
507
232
318
447
142
502
242
307
458
138
494
257
292
470
136
485
272
276
480
135
478
283
266
488
132
469
294
255
493
132
461
304
245
500
141
451
316
235
508
146
438
331
220
511
152
425
347
208
516
159
414
358
197
518
165
403
368
189
520
171
393
380
181
521
179
383
391
172
523
190
367
405
163
518
203
351
419
156
515
212
340
430
150
510
222
329
439
144
506
231
318
448
142
502
243
307
461
138
493
257
291
469
135
484
271
276
480
134
477
282
266
487
132
469
294
255
494
137
460
305
245
500
142
452
315
229
507
146
438
331
220
513
153
425
347
207
516
159
414
358
198
518
164
403
369
189
520
172
393
380
182
521
179
382
395
171
523
191
367
406
162
517
203
351
419
155
514
212
340
429
150
510
222
329
439
145
507
232
318
448
142
501
242
302
461
137
494
257
292
473
134
485
271
277
480
134
478
282
265
487
133
469
294
256
495
134
460
305
245
500
141
451
320
232
507
147
439
332
215
513
153
424
347
206
516
158
414
358
198
519
165
404
368
190
520
171
393
379
181
521
179
378
396
170
522
191
366
410
160
517
203
351
421
155
514
213
341
430
149
511
222
329
439
145
507
232
316
449
141
502
247
302
461
137
494
257
287
473
134
484
272
276
481
133
477
283
265
488
134
469
295
255
494
135
460
305
245
500
142
448
322
230
508
147
438
336
216
513
153
424
348
206
516
159
414
358
198
519
165
403
370
190
520
172
392
380
180
521
183
377
396
171
523
191
362
410
160
517
204
351
421
155
515
213
338
430
150
510
222
328
440
145
506
233
318
449
141
500
248
302
461
138
493
262
287
473
135
484
273
276
481
133
477
284
264
488
133
468
294
254
494
136
460
306
245
501
144
447
321
229
507
146
433
337
216
513
153
423
348
206
517
159
413
359
197
519
164
403
369
189
520
172
393
381
180
522
183
377
395
169
523
195
361
410
161
517
204
350
421
155
514
213
338
430
149
510
223
329
440
145
506
233
317
450
141
499
248
301
461
138
491
263
286
472
135
484
274
275
481
133
476
284
264
488
134
468
295
254
495
138
460
306
243
502
142
446
322
230
508
149
434
337
216
513
154
423
348
205
516
159
412
358
197
518
165
403
371
188
520
172
392
380
177
522
183
376
396
170
523
195
360
410
160
517
203
349
421
155
514
213
339
431
150
510
224
328
441
145
506
233
317
453
139
499
248
302
462
137
490
262
285
473
134
483
273
275
481
134
476
285
264
488
133
469
296
254
496
138
460
307
239
503
143
448
322
230
509
149
433
337
215
513
154
423
348
206
516
159
413
359
196
520
166
403
371
188
521
173
392
386
179
523
184
377
396
167
522
195
361
410
160
517
204
351
421
155
515
214
339
432
151
512
225
328
441
145
507
234
313
455
140
499
248
301
465
136
490
262
287
474
134
484
274
275
481
134
477
285
265
489
133
469
295
254
495
138
460
310
239
503
144
447
322
225
509
149
433
338
216
513
154
424
348
206
518
159
414
360
197
520
166
403
371
187
521
173
387
385
176
522
184
376
401
166
522
196
361
411
161
517
204
350
422
154
515
215
339
432
149
512
224
328
441
144
506
238
312
454
140
499
249
297
466
137
491
263
286
474
135
483
274
274
481
134
475
286
264
489
133
468
295
253
496
138
456
312
239
504
143
447
327
226
510
150
433
338
215
514
154
422
348
206
516
160
412
360
196
518
166
402
371
188
521
176
387
386
177
523
184
372
401
167
522
197
360
411
160
516
205
349
422
154
514
215
338
432
149
510
225
328
442
145
505
238
311
455
140
499
254
296
467
137
490
263
285
474
135
482
274
274
481
134
475
285
264
489
133
469
297
253
495
140
456
312
238
504
143
443
328
224
510
150
432
338
215
514
154
422
350
206
518
160
413
361
197
520
167
402
371
187
521
176
386
387
176
521
187
371
401
165
523
196
360
411
159
517
206
348
422
154
514
215
339
433
149
510
224
327
442
143
504
239
311
455
140
496
253
296
466
135
490
264
285
474
135
482
274
273
482
134
476
287
263
489
133
468
297
252
498
140
454
312
238
503
144
441
328
224
510
150
431
339
214
514
154
422
351
206
518
161
412
361
196
519
167
400
371
184
521
177
386
387
175
523
187
370
402
165
523
196
359
413
160
517
205
348
422
154
514
215
337
433
148
510
225
326
447
142
504
239
310
454
139
496
253
295
467
135
489
265
285
476
136
482
275
272
482
133
474
286
264
489
133
467
296
247
498
143
454
313
237
506
145
442
329
224
509
150
432
339
214
514
155
421
350
205
517
160
411
361
196
518
167
400
377
184
521
177
385
387
173
522
188
371
402
165
523
197
359
412
159
516
206
348
423
153
514
215
336
432
148
509
225
321
446
143
503
239
310
459
138
496
255
295
467
136
490
265
284
475
135
482
275
272
482
133
474
286
262
489
132
467
302
247
498
141
454
312
234
505
145
441
329
223
510
150
431
339
213
514
154
420
350
204
517
161
410
362
195
519
167
395
376
183
520
177
384
392
172
522
189
369
402
165
522
197
358
413
159
517
207
347
423
153
513
215
337
433
149
510
229
320
446
143
504
239
305
459
139
495
256
294
467
136
489
266
283
475
135
482
276
273
483
133
475
287
261
490
133
462
302
247
498
140
454
318
233
506
146
441
329
223
510
150
431
340
212
514
155
421
351
203
517
160
411
362
195
520
170
395
377
184
521
177
380
392
172
522
190
369
402
165
523
197
359
413
158
516
207
347
424
153
514
216
335
433
149
507
230
321
447
142
503
244
304
459
138
495
256
293
468
137
488
265
282
476
134
481
277
272
484
133
474
287
260
490
132
462
303
247
498
141
450
318
232
505
146
440
330
222
510
150
430
341
212
514
155
420
351
203
517
161
410
363
194
520
170
395
378
182
522
183
379
393
172
522
188
369
404
164
523
198
357
413
157
516
207
346
423
153
513
217
335
434
146
507
231
320
447
142
501
245
304
460
138
495
256
293
469
135
489
267
282
476
135
481
278
271
484
134
473
288
260
494
134
462
303
245
499
142
448
319
232
506
146
439
331
221
511
151
430
341
212
515
156
419
352
203
517
161
409
364
191
520
172
394
378
182
521
182
379
395
172
522
190
368
404
164
517
200
357
415
157
516
208
345
425
152
513
218
334
438
146
507
232
319
448
140
500
246
303
461
138
495
257
292
468
136
488
267
281
478
134
480
277
270
484
134
473
289
256
493
127
461
304
245
502
142
448
320
231
506
147
438
331
220
510
151
428
341
211
514
156
418
353
201
517
162
409
368
190
520
171
393
379
179
522
183
378
394
172
522
189
367
405
164
509
200
356
415
157
516
209
345
426
151
512
219
329
439
145
507
232
318
453
140
500
247
302
461
137
493
257
292
469
135
487
268
280
478
135
480
280
270
485
133
472
293
255
494
135
461
305
240
501
142
447
320
230
507
146
438
331
220
510
150
428
343
211
514
156
419
355
201
517
162
403
369
190
520
171
392
385
178
522
183
377
395
170
522
191
367
406
164
514
199
355
416
158
516
209
345
426
151
513
222
328
440
145
507
233
313
452
140
499
247
302
461
137
493
258
291
470
134
487
269
280
477
134
481
279
269
484
136
468
294
256
494
136
460
310
240
503
143
447
321
230
506
147
438
332
220
511
151
428
344
210
515
157
417
354
201
518
166
403
370
189
520
173
387
385
177
521
183
377
395
170
522
190
366
406
164
514
200
355
417
158
515
209
344
426
152
510
223
329
440
145
507
236
312
452
140
499
248
302
462
136
493
258
291
470
135
487
268
279
478
134
479
279
269
485
133
468
295
254
495
137
456
310
239
503
142
447
321
230
507
147
438
332
219
512
152
427
344
210
515
157
417
354
201
518
166
403
370
189
520
176
387
386
177
522
183
376
396
171
523
192
365
406
163
517
201
354
416
157
515
210
343
427
149
510
223
328
441
145
504
238
313
454
139
500
249
301
463
137
493
258
290
470
136
486
269
279
478
134
479
280
269
488
134
467
295
253
495
143
455
311
239
503
143
447
323
229
507
147
437
333
219
512
152
426
343
209
514
156
417
356
196
519
166
401
370
188
520
177
386
386
177
522
184
376
397
169
522
192
364
406
163
517
200
354
417
157
515
211
343
431
149
510
224
327
441
143
504
238
312
454
139
498
248
301
462
136
493
260
290
471
135
485
270
279
479
134
479
281
264
489
133
467
296
253
497
140
456
311
238
503
144
446
323
228
508
147
436
333
219
512
151
426
345
210
515
157
416
359
196
518
166
401
371
185
521
177
387
386
176
522
184
375
397
169
522
192
365
409
163
518
201
353
418
157
516
211
337
431
149
510
224
327
446
144
504
239
311
455
139
498
249
300
463
136
492
260
289
472
136
487
271
278
479
134
479
286
263
490
133
468
297
247
498
140
455
311
238
503
144
446
323
228
509
148
435
334
217
512
153
426
345
208
515
158
411
361
196
518
166
401
376
183
521
176
385
386
176
521
185
375
397
169
523
193
365
407
162
518
201
353
417
156
515
214
337
432
149
511
224
322
446
144
504
239
311
454
139
498
248
301
463
137
492
260
289
471
135
486
270
278
479
134
475
286
263
489
133
467
301
248
498
140
455
312
238
503
143
446
324
228
509
148
436
334
218
512
153
426
345
208
515
160
412
361
196
518
167
397
376
184
521
176
386
388
176
522
184
375
397
169
523
193
365
408
162
517
202
353
418
156
514
216
337
432
150
510
229
322
446
143
503
239
311
454
139
498
249
299
463
136
492
260
288
472
134
485
270
279
479
134
475
287
262
489
133
463
302
248
499
140
454
312
237
504
144
445
324
227
509
147
435
334
217
512
152
425
345
208
517
161
411
360
196
519
169
396
376
184
521
177
386
387
176
522
185
374
397
168
523
192
363
408
161
517
202
352
419
153
514
216
337
433
148
508
230
322
446
143
503
239
310
455
139
497
250
299
463
136
491
260
288
473
134
485
271
277
482
133
475
286
262
489
134
463
302
247
499
141
454
313
237
504
144
444
323
227
509
148
434
336
218
514
152
425
346
204
517
161
410
362
195
519
170
396
377
182
520
177
384
387
176
521
185
374
398
169
523
194
362
409
161
517
204
351
423
152
513
216
336
433
147
508
230
321
446
142
503
240
310
455
140
497
250
298
465
137
491
261
288
473
135
484
273
272
483
134
473
288
261
493
133
462
302
246
498
140
454
314
236
504
144
444
324
226
509
148
434
337
216
513
154
424
351
204
517
161
409
362
191
519
170
395
378
182
520
178
384
388
175
522
185
373
400
168
523
194
363
410
160
517
204
346
424
153
513
216
336
438
146
508
231
320
447
142
503
240
309
456
139
497
252
299
465
137
491
262
287
473
135
484
277
271
484
133
474
288
256
493
132
462
304
245
499
141
453
315
236
505
145
444
325
226
509
148
434
336
215
513
153
420
352
203
518
162
409
368
190
520
171
395
377
183
521
178
384
390
175
521
186
373
400
167
522
194
361
410
160
517
208
346
425
152
514
217
330
438
146
507
231
319
447
143
503
242
309
457
141
498
252
298
464
136
491
262
286
473
135
482
277
271
483
133
473
293
256
494
132
461
304
246
499
142
453
315
235
504
145
443
326
225
509
148
434
337
216
513
156
421
353
202
517
161
404
368
190
521
172
394
379
182
521
179
383
389
174
522
186
372
400
168
522
195
360
410
161
517
208
347
424
153
513
221
330
439
145
508
231
319
447
142
502
242
308
456
139
497
251
297
465
137
490
262
286
473
134
481
277
271
485
133
469
293
256
494
130
462
305
245
499
142
452
315
234
504
145
443
326
225
510
148
434
338
215
515
156
419
353
202
517
165
404
369
189
521
171
394
379
182
521
178
383
389
175
522
187
371
400
167
522
194
361
411
158
516
209
346
425
151
511
221
331
439
146
507
232
319
448
142
502
241
307
456
139
496
252
297
466
138
490
264
286
477
134
480
278
270
484
132
470
293
255
494
131
460
304
245
500
142
452
315
234
505
144
443
328
224
509
149
432
337
212
514
156
418
353
202
519
165
403
369
189
520
171
393
380
182
522
178
383
391
174
522
187
372
401
167
522
196
361
416
158
516
208
345
426
149
512
223
330
439
145
507
232
318
449
142
502
242
308
457
139
496
253
296
467
137
491
263
280
478
136
481
280
271
489
133
469
295
256
495
134
461
306
245
500
141
452
317
234
506
145
442
328
224
510
149
432
343
211
516
157
419
355
198
519
165
404
369
189
521
172
392
380
181
522
180
382
390
174
522
187
371
401
166
522
197
356
417
158
516
210
345
431
150
512
222
329
440
146
506
233
319
450
141
501
243
307
458
139
495
253
295
466
137
491
269
281
478
134
480
279
265
487
133
468
294
255
495
134
461
306
243
500
141
451
316
234
505
145
441
328
224
510
148
428
344
210
514
157
418
358
198
519
165
403
371
189
521
172
393
381
181
521
179
381
390
172
521
188
370
402
167
522
200
355
416
157
515
210
339
430
150
510
223
329
440
145
506
233
318
449
142
501
242
306
459
138
495
254
295
467
137
487
269
280
477
135
479
284
265
488
133
469
296
255
494
137
460
305
243
501
140
451
317
232
505
145
441
328
224
510
151
427
343
210
515
157
414
359
197
519
166
403
370
188
520
173
391
380
180
521
180
381
392
172
522
188
370
402
166
515
200
355
417
157
515
214
339
431
149
510
224
328
440
145
506
233
317
449
142
502
243
305
459
139
496
255
295
467
136
486
268
279
478
136
476
285
264
488
134
467
295
254
494
137
459
306
243
501
141
450
317
234
506
148
441
329
223
512
152
427
344
210
515
160
412
360
197
518
165
402
370
188
521
173
391
381
180
522
180
380
393
173
522
188
369
402
162
517
201
354
417
157
513
214
339
431
150
509
223
328
440
145
505
234
316
450
143
501
244
305
459
139
496
254
294
471
136
486
269
279
479
133
476
284
264
488
134
467
296
253
495
138
459
307
244
500
141
450
318
233
506
145
440
328
219
512
152
426
345
209
516
159
412
361
197
519
166
401
372
188
521
173
391
382
180
522
181
380
392
172
522
189
369
407
163
517
201
353
418
154
514
214
338
431
149
510
225
327
441
144
505
235
316
450
141
501
244
304
460
138
495
255
290
471
136
486
270
279
482
134
475
285
263
489
133
467
297
255
495
138
459
307
243
501
142
449
318
231
506
145
440
335
219
512
152
426
344
205
517
159
411
361
196
519
167
401
371
188
520
175
390
382
179
522
181
379
393
172
522
189
365
408
162
517
202
352
422
154
514
215
338
432
149
510
225
326
442
144
505
235
315
450
141
500
245
304
460
139
495
261
288
472
136
485
270
273
483
135
475
286
262
490
133
467
297
251
496
139
458
308
242
501
142
449
320
231
507
146
436
335
217
513
152
425
350
204
517
160
411
362
195
519
167
400
372
187
520
174
390
383
178
522
182
378
394
172
523
194
363
409
162
517
202
348
423
154
514
216
336
433
148
509
225
325
442
144
505
236
315
451
142
499
245
303
461
138
492
260
288
472
135
485
276
273
483
133
474
287
261
490
133
466
297
250
496
140
458
308
240
503
144
449
321
231
506
147
435
335
218
513
151
421
351
204
516
161
410
361
195
519
166
400
372
186
520
174
390
384
178
522
183
378
395
172
522
194
362
409
161
517
207
347
422
153
513
216
336
433
148
510
225
324
444
144
504
236
314
453
140
499
247
303
461
138
491
261
287
473
135
481
276
272
483
133
473
288
262
490
133
465
299
250
497
140
457
309
240
502
143
448
320
230
509
148
434
336
217
514
154
420
352
203
517
161
409
362
194
519
168
399
374
186
521
175
388
385
178
522
183
377
396
168
523
194
362
411
161
516
208
346
424
152
513
216
334
435
149
509
227
325
444
144
504
237
312
453
140
498
248
301
465
137
490
263
286
473
134
480
278
271
483
133
474
288
261
491
132
465
299
250
496
140
456
311
239
503
143
446
321
226
510
148
433
337
215
514
155
419
352
203
517
161
409
364
194
519
168
398
375
185
521
176
387
385
177
521
184
376
400
167
522
196
361
411
159
517
208
345
425
155
514
217
334
435
147
508
228
323
444
143
505
237
312
453
141
498
248
297
466
137
489
262
285
478
135
480
278
270
485
133
473
289
259
491
133
464
300
248
498
139
455
310
239
504
143
446
327
225
509
149
433
337
212
515
156
418
353
203
517
161
408
363
193
519
168
398
375
185
521
176
387
385
177
522
184
372
401
167
523
196
361
415
157
516
209
344
426
152
513
218
333
435
147
509
228
322
444
144
504
238
311
454
140
498
253
295
466
136
489
264
280
478
135
480
279
270
485
133
472
290
260
492
133
463
300
248
498
141
454
312
238
503
144
441
328
223
510
149
432
343
210
514
156
418
354
200
518
162
407
365
192
520
168
396
375
184
521
176
386
388
176
522
188
370
402
165
523
197
355
416
157
515
210
343
426
151
512
219
332
436
148
509
229
322
447
143
504
240
310
455
139
495
254
295
467
136
489
269
280
479
134
479
280
268
485
134
471
291
257
493
133
463
302
247
499
141
454
313
237
503
147
440
329
224
511
150
427
344
209
515
157
417
355
199
518
165
405
367
192
520
169
395
378
183
521
176
385
388
175
523
189
370
403
166
523
201
353
417
156
515
210
343
428
152
512
220
331
438
146
507
230
321
447
142
502
240
309
456
138
495
256
294
468
137
486
270
278
479
134
478
280
268
487
133
470
292
258
492
132
462
303
246
499
141
453
314
236
506
145
440
330
223
510
152
426
346
208
516
158
416
356
201
518
164
406
367
191
520
169
395
378
183
521
177
383
389
173
523
189
368
404
165
518
202
353
418
157
515
210
342
428
151
512
221
332
437
146
508
232
320
447
142
503
240
308
460
138
495
256
293
469
135
485
270
278
479
135
477
281
268
487
133
469
292
256
494
133
461
304
246
499
141
453
314
231
506
145
439
330
222
513
154
425
346
209
516
159
416
357
199
519
164
405
368
190
520
171
393
379
182
521
178
382
394
171
522
189
368
404
162
518
203
353
419
155
515
212
340
429
150
512
221
330
438
146
507
231
319
447
143
503
242
303
460
137
494
256
292
473
135
485
273
276
480
133
477
282
266
487
133
469
294
256
494
126
460
304
246
500
141
452
320
231
507
146
439
330
217
513
152
425
347
207
516
159
415
358
199
518
164
404
368
189
520
172
393
380
181
522
177
377
394
171
523
190
367
410
161
517
203
351
419
155
515
211
341
429
150
511
222
330
439
146
507
232
319
449
142
502
246
302
462
137
494
257
287
472
135
485
272
276
480
134
476
283
265
487
133
468
294
255
494
136
459
305
243
500
141
447
321
230
507
147
438
336
216
513
153
423
347
206
516
159
413
358
197
519
167
402
370
189
520
173
392
381
180
521
185
376
396
171
523
190
360
411
160
517
204
349
421
154
514
214
339
431
150
510
223
328
440
145
507
234
316
450
140
500
248
302
463
137
493
264
285
473
134
483
275
274
481
135
476
284
264
489
133
467
297
254
495
138
459
307
242
501
143
446
323
229
508
147
433
338
215
514
155
422
350
206
517
160
412
361
197
519
167
401
370
187
520
174
390
382
180
522
184
375
397
169
522
196
360
412
159
517
204
349
422
154
513
215
338
432
149
510
225
326
442
144
505
234
315
450
140
498
249
300
463
138
490
264
284
475
136
483
274
273
483
133
475
286
262
489
136
466
297
251
495
138
458
308
242
503
143
445
324
227
508
149
432
339
214
514
154
421
350
204
517
161
411
361
195
519
167
400
372
187
520
175
390
382
175
521
184
374
398
169
523
197
359
413
159
516
205
348
423
153
513
215
336
433
148
509
225
326
443
144
505
236
315
455
139
498
250
298
464
137
489
266
284
476
134
481
276
272
483
133
475
286
261
489
132
467
297
252
496
140
457
310
236
504
144
443
324
226
511
150
431
341
214
514
155
420
351
204
517
161
410
362
195
519
169
399
374
186
521
175
389
388
174
521
186
372
399
165
523
197
357
414
158
516
207
347
424
152
513
216
336
434
148
509
226
325
443
143
504
237
309
456
138
498
251
298
468
136
488
267
282
476
134
482
277
271
484
133
473
288
260
491
132
465
300
249
497
139
456
314
235
504
145
442
326
222
511
151
429
341
212
514
154
419
352
202
517
161
409
363
194
520
168
398
374
186
520
175
383
389
174
522
187
372
404
165
519
200
356
415
158
515
208
344
425
152
513
217
334
435
147
509
227
323
444
143
504
242
308
457
140
497
253
292
469
136
487
267
282
477
135
481
278
270
485
134
472
290
260
491
132
464
300
250
497
140
451
316
235
506
144
441
331
220
511
150
428
343
211
515
157
419
354
203
517
162
408
365
192
520
168
398
376
184
522
179
382
392
174
522
188
366
405
164
515
200
355
416
158
516
209
345
426
152
512
218
333
436
147
508
228
322
445
142
502
243
306
458
138
496
258
291
470
135
487
268
280
479
134
480
280
269
486
134
472
291
258
492
132
463
300
248
498
142
451
317
234
505
145
437
332
219
512
151
426
344
211
515
158
417
355
201
517
162
406
366
191
519
170
396
377
183
521
180
380
392
173
522
193
364
407
162
516
202
354
417
156
515
211
343
428
151
513
219
331
438
146
508
230
320
447
141
500
244
304
459
138
493
259
290
471
135
486
270
278
479
134
478
281
267
486
133
471
291
256
493
133
463
302
246
501
142
449
319
232
506
147
435
334
218
513
152
425
345
208
516
157
415
356
200
518
164
405
368
191
520
170
394
379
178
521
182
379
393
172
523
194
364
408
161
516
203
352
418
157
514
212
341
428
150
511
221
330
438
147
508
231
319
451
140
500
245
303
461
137
492
261
288
472
135
485
272
277
479
134
478
282
266
487
133
469
294
256
494
128
461
304
241
502
142
448
320
230
509
147
435
335
216
512
152
424
346
207
516
158
414
357
198
518
165
403
369
189
520
172
393
384
177
522
183
378
395
167
522
195
363
409
161
517
203
351
420
155
514
213
340
430
150
511
223
329
440
146
507
232
313
452
140
500
246
303
465
137
490
261
286
474
135
484
272
275
481
134
477
284
265
488
133
468
295
253
495
138
459
310
239
503
144
447
322
225
509
148
434
337
216
513
154
422
348
206
516
160
412
359
197
519
165
402
370
188
520
172
387
386
177
521
184
377
400
166
522
196
361
411
160
517
206
350
421
155
515
213
339
431
149
509
224
327
441
144
506
238
311
454
140
499
248
296
466
135
490
263
285
475
135
483
274
274
482
134
475
286
263
489
133
468
296
253
495
138
455
313
239
504
143
445
327
224
510
150
432
338
214
515
154
422
350
206
517
160
411
360
196
519
166
401
372
188
520
177
386
387
177
522
184
370
401
167
523
197
360
412
160
517
206
348
423
154
513
215
337
432
149
510
225
326
442
144
503
239
311
455
140
499
254
295
468
137
490
264
285
476
135
483
277
273
483
134
475
286
261
489
132
466
297
252
496
141
453
313
237
504
143
441
328
223
511
150
430
340
213
514
155
420
351
204
518
160
411
362
195
520
168
400
373
188
521
178
384
388
174
522
189
369
403
166
523
197
358
414
160
516
207
347
423
153
513
217
336
434
149
509
226
325
443
142
503
240
310
455
139
495
256
295
469
136
489
266
282
476
134
481
276
272
483
133
475
288
261
491
133
466
299
251
500
141
454
315
236
505
146
440
331
222
511
150
430
342
213
516
156
420
352
203
518
162
410
363
194
519
168
399
375
182
522
179
384
390
175
523
190
369
404
164
523
199
357
415
158
517
207
346
425
153
514
218
336
435
148
508
227
323
447
142
502
242
308
457
137
495
256
293
469
136
489
267
282
477
135
482
278
272
485
133
473
289
261
491
133
464
300
245
500
141
453
315
235
507
146
439
330
221
512
151
429
343
212
516
159
419
354
203
518
161
408
364
193
519
168
397
380
182
522
179
381
390
171
522
190
367
406
164
510
200
356
415
157
516
209
345
426
152
512
218
333
435
147
508
229
320
449
141
502
242
307
460
137
494
257
292
469
137
488
267
281
478
135
479
279
270
485
133
471
289
259
491
133
464
305
244
501
141
450
317
230
508
147
439
332
220
512
152
428
343
210
515
156
418
