=~=~=~=~=~=~=~=~=~=~=~= PuTTY log 2024.10.02 14:40:34 =~=~=~=~=~=~=~=~=~=~=~=
280
471
135
498
238
322
437
151
515
202
363
400
174
522
172
404
359
221
508
142
456
300
258
475
126
495
243
316
442
149
513
206
358
404
170
521
175
399
364
201
515
152
437
323
237
500
134
482
264
294
461
140
513
211
353
410
168
521
179
394
369
196
516
154
432
328
232
502
139
465
287
272
479
134
493
231
329
431
155
517
196
388
375
192
518
157
426
334
227
505
141
462
293
266
482
134
490
253
306
452
145
510
215
347
397
174
522
171
406
357
222
507
142
457
298
260
485
134
486
257
300
455
143
508
220
342
419
161
520
186
383
379
188
514
151
438
321
239
499
134
483
263
296
460
141
505
226
336
425
158
520
192
377
387
183
516
163
416
346
216
510
144
465
287
270
479
133
492
232
329
431
154
517
196
370
392
179
522
167
410
353
211
511
146
447
311
248
494
136
478
269
306
452
144
510
216
347
398
174
521
170
404
357
206
514
149
442
317
243
497
137
474
277
282
471
136
500
237
322
437
160
519
186
382
381
187
515
150
438
323
238
499
137
470
282
278
474
127
496
242
318
442
149
514
206
359
403
171
522
164
416
346
217
509
144
465
286
272
477
133
494
246
313
446
147
513
211
354
409
168
521
178
395
367
196
516
153
432
310
249
493
135
479
269
307
450
145
509
214
348
414
164
520
181
388
374
193
517
157
427
333
227
504
139
462
292
266
469
137
501
236
324
435
161
519
185
383
380
189
518
159
422
338
223
507
141
457
297
261
485
134
487
257
302
454
142
514
204
361
402
173
521
161
417
343
218
510
144
453
303
256
488
134
484
263
297
459
142
505
223
338
422
159
518
189
397
366
200
516
153
434
308
252
491
135
482
266
292
463
141
503
227
333
428
156
518
193
374
388
182
520
165
414
348
230
503
139
464
289
270
466
139
501
233
329
432
154
517
197
370
393
179
522
168
409
352
211
512
146
446
311
249
493
134
489
253
305
451
144
516
200
365
397
176
523
170
405
356
207
513
148
444
315
244
496
136
476
274
285
469
138
500
219
344
417
162
519
184
403
360
204
515
149
440
318
242
498
137
473
276
281
470
137
499
236
323
436
152
516
201
365
379
188
516
159
423
338
239
499
137
472
279
278
472
134
497
239
320
439
151
514
202
363
400
174
521
172
404
360
205
508
142
456
300
259
487
128
496
242
317
440
149
514
205
359
402
171
521
173
400
361
202
515
151
439
320
240
498
137
484
262
297
457
143
506
207
358
404
171
521
175
398
364
201
516
151
436
322
238
500
137
471
281
277
474
132
497
241
336
424
158
519
190
378
366
198
516
153
435
325
235
500
137
469
283
275
476
126
495
244
316
443
149
514
206
358
404
183
518
163
416
346
216
502
139
466
286
272
478
133
494
246
313
444
147
513
209
356
407
169
521
176
397
365
200
515
145
451
305
254
490
135
492
247
312
445
148
513
209
355
407
172
521
177
397
367
200
517
153
435
325
235
501
138
468
267
292
462
141
505
226
353
408
167
520
177
394
368
197
517
153
433
327
235
501
138
467
285
273
476
132
494
244
315
427
157
518
193
375
387
196
517
154
431
329
231
503
139
467
287
270
478
135
494
246
313
444
147
513
209
356
406
168
522
165
414
348
215
510
140
465
288
270
478
133
493
248
312
446
148
512
210
354
407
171
521
177
395
367
198
516
152
449
307
251
491
135
481
248
310
447
147
512
211
353
409
168
521
177
394
368
197
516
153
433
326
233
501
138
467
284
292
462
142
504
228
334
410
167
521
179
394
369
196
517
153
432
327
232
502
139
466
286
272
477
134
494
245
314
443
156
517
193
374
388
182
517
155
430
329
232
502
139
466
288
272
478
134
493
248
312
445
148
512
210
355
407
168
521
165
413
348
213
510
145
463
290
268
480
134
492
249
310
448
147
512
211
353
409
166
521
179
394
368
197
516
154
433
309
250
492
135
481
268
310
449
147
511
212
351
411
166
521
179
393
370
195
518
154
432
328
231
503
139
466
287
271
465
140
502
230
331
428
166
521
180
392
372
194
517
155
430
329
229
504
139
465
289
270
479
134
492
248
312
447
147
517
195
371
390
180
522
156
428
332
228
505
139
463
290
268
480
134
492
250
310
448
146
512
212
352
409
168
521
179
411
351
211
512
146
448
292
267
481
134
490
252
307
449
146
511
213
350
413
164
520
180
391
372
194
517
156
430
330
246
495
136
477
272
287
452
144
509
216
347
415
164
520
183
389
375
192
518
157
428
333
227
505
141
462
292
267
482
138
500
235
325
434
152
520
186
384
378
188
517
159
424
337
223
506
141
459
296
262
484
134
488
256
304
453
144
509
202
362
399
173
522
172
420
341
219
508
143
457
300
259
487
135
487
258
300
456
144
507
221
343
420
161
520
186
384
361
202
515
149
439
320
256
487
135
484
261
299
458
142
506
222
340
421
160
519
188
382
381
187
515
160
421
339
222
499
139
470
280
279
473
142
505
224
338
424
158
518
190
379
384
184
513
162
420
343
218
510
143
455
301
257
487
135
495
243
317
442
150
514
191
376
386
182
518
163
415
345
216
510
145
452
305
255
489
135
483
264
295
460
142
506
225
354
408
167
521
178
395
350
211
511
146
447
309
249
493
137
479
268
290
464
140
502
230
331
430
155
517
195
373
390
193
517
156
429
331
229
495
136
476
272
286
467
140
501
233
328
433
153
517
197
369
393
176
522
167
410
352
210
513
141
461
294
265
483
134
499
236
324
436
152
516
200
365
397
175
522
170
406
357
205
514
148
442
316
243
495
137
475
258
302
455
143
508
220
360
402
170
522
173
401
362
201
515
151
438
320
239
499
138
471
280
278
473
134
498
241
320
424
159
519
189
379
384
198
516
154
434
326
235
501
138
468
285
274
476
129
495
244
315
443
148
513
207
357
405
169
522
165
415
348
215
511
140
466
290
270
480
135
493
249
311
448
147
512
211
353
410
167
521
179
393
370
196
518
155
448
310
248
492
136
479
252
308
451
145
510
215
349
413
164
520
182
389
373
193
518
156
429
332
228
505
140
463
291
285
468
139
500
234
327
417
162
520
185
388
378
190
518
158
426
335
224
507
141
460
295
264
484
134
489
256
305
453
151
515
201
364
398
174
516
160
421
340
221
508
142
456
298
260
486
134
487
257
300
455
143
509
220
344
418
162
520
172
402
359
203
515
150
455
301
258
488
134
485
260
298
457
141
506
222
339
422
160
519
188
381
381
187
515
161
421
322
236
499
137
470
283
295
461
141
505
226
336
424
158
518
191
376
386
183
512
164
417
345
218
510
144
453
304
255
477
133
493
246
314
445
155
517
194
373
390
181
522
165
413
348
213
510
145
451
308
252
492
136
481
267
292
462
140
513
213
351
411
167
521
168
410
352
209
512
146
446
310
248
493
135
480
270
289
464
139
503
231
331
430
155
517
195
389
373
194
518
156
429
315
244
496
136
475
274
284
468
138
500
235
326
433
153
517
199
368
394
178
522
168
409
353
226
506
140
461
293
266
469
137
499
237
324
435
152
515
200
366
397
176
522
169
407
355
208
513
147
445
313
246
495
134
489
255
304
454
144
516
202
363
399
174
521
172
404
359
206
514
148
441
318
242
497
137
475
276
282
470
136
500
221
341
420
161
519
187
400
362
202
514
150
438
322
238
499
138
471
280
279
474
133
498
241
320
440
149
515
205
361
385
185
513
162
418
343
235
500
137
468
284
276
477
131
495
245
315
444
148
514
208
357
406
170
521
176
398
365
199
510
146
450
305
253
490
132
492
248
310
447
146
513
212
352
411
167
520
179
393
370
195
517
154
431
329
232
503
138
479
270
288
465
139
503
215
347
415
163
521
183
389
374
192
518
156
426
333
227
504
141
462
292
267
481
134
490
253
325
435
151
516
200
366
379
188
518
159
422
338
224
506
141
458
297
262
485
134
487
256
302
454
142
508
218
344
419
173
522
173
402
361
203
509
144
455
302
257
488
134
484
261
297
458
141
507
223
339
423
158
519
189
380
384
186
517
152
435
324
237
499
137
482
265
293
461
141
505
227
335
426
157
518
191
376
386
183
510
163
417
345
217
509
144
453
286
273
477
133
494
245
331
429
155
518
194
373
389
181
522
165
413
348
214
510
144
450
306
253
490
134
482
266
293
447
146
512
210
352
410
179
523
167
411
351
212
512
146
448
309
250
492
134
479
268
290
464
140
503
229
332
429
155
520
180
391
371
195
516
146
446
312
248
493
135
478
270
288
466
139
503
230
329
431
154
517
195
372
392
180
523
166
429
331
229
503
140
464
272
286
467
138
502
232
328
432
154
516
196
369
393
179
523
166
410
351
212
512
146
448
309
267
482
132
490
251
308
435
153
516
199
367
395
177
521
168
407
354
209
511
148
445
313
247
494
136
478
270
289
466
144
509
214
346
415
163
522
169
405
356
207
513
148
443
314
245
495
136
476
273
286
467
138
503
233
327
433
154
517
184
386
377
190
517
158
441
316
243
496
136
474
275
283
469
138
501
235
324
436
152
517
199
367
397
176
522
169
406
336
224
506
141
459
295
281
471
135
499
238
322
438
150
515
201
364
399
174
522
172
405
358
207
514
148
443
315
244
485
134
489
256
303
454
150
515
202
363
400
172
522
172
403
360
205
514
150
442
318
243
497
137
475
275
283
470
137
509
220
344
419
161
521
173
402
362
204
515
150
441
320
240
499
138
473
278
281
471
136
499
237
323
437
152
516
200
382
381
187
517
163
423
321
239
499
137
472
279
279
473
133
499
239
321
439
151
516
202
363
400
174
522
171
404
359
222
508
142
457
299
261
473
132
498
239
320
440
150
516
203
363
401
173
522
172
403
359
204
514
149
440
317
242
497
134
487
258
300
455
143
515
205
361
404
171
523
174
401
362
203
515
153
439
320
241
498
138
473
277
281
470
136
500
221
342
421
160
520
186
400
363
202
515
152
438
321
239
498
138
472
279
280
472
134
498
238
321
438
151
516
202
364
383
187
516
160
422
340
238
499
137
472
280
278
473
134
498
239
321
439
150
516
202
362
400
173
523
171
404
360
205
508
143
456
299
260
486
128
497
241
318
441
149
515
205
360
402
172
522
173
401
361
203
514
150
440
321
240
499
137
485
261
298
459
142
507
207
357
405
170
522
176
398
364
201
515
151
436
322
238
499
138
471
281
278
473
132
498
241
338
425
158
519
190
378
367
199
516
152
435
324
236
500
138
468
282
275
474
125
496
242
317
442
149
514
205
359
403
183
510
162
417
344
217
501
139
468
286
273
478
134
495
245
313
444
148
513
208
356
408
169
521
177
397
366
201
516
144
451
305
253
490
135
493
247
312
447
147
512
211
353
408
167
521
178
394
368
198
516
153
434
327
233
501
140
467
267
291
464
140
504
229
350
412
166
521
180
391
371
195
516
155
430
329
230
503
140
466
286
270
479
133
494
247
313
430
154
517
194
372
390
194
517
155
429
331
230
503
139
464
289
269
480
133
492
249
311
448
146
513
211
352
410
167
522
167
411
350
212
511
139
462
290
267
481
133
491
250
309
449
145
512
212
351
412
166
521
180
393
370
196
516
154
447
310
248
493
136
479
252
306
450
145
509
215
347
414
164
520
182
389
373
194
517
156
429
331
229
503
141
464
289
288
467
139
502
233
328
416
162
520
184
386
375
191
518
156
426
335
228
505
140
462
293
266
482
134
491
252
307
451
151
517
200
366
396
176
516
160
422
337
223
507
141
459
296
261
485
134
487
256
302
455
143
509
219
344
417
161
520
172
403
359
205
514
149
455
300
258
487
134
485
260
299
458
142
507
221
341
421
160
520
188
381
381
187
515
160
421
321
238
499
137
471
280
294
460
141
506
224
336
424
158
519
190
379
385
185
512
163
419
343
219
508
143
454
301
256
477
129
495
243
316
443
156
518
192
375
386
183
519
164
416
345
216
510
144
452
304
256
489
134
483
263
296
460
142
514
209
355
408
168
521
165
412
349
214
511
146
450
307
251
492
136
481
266
291
462
141
503
228
332
427
155
517
193
391
370
195
517
155
430
311
246
494
136
478
271
288
466
138
501
233
328
432
154
517
197
369
393
179
522
168
410
351
227
504
140
462
291
267
469
137
500
236
325
435
153
516
200
366
395
177
521
169
407
354
208
513
148
445
313
246
495
133
488
256
303
454
143
514
202
363
400
173
522
172
403
359
205
515
149
440
318
240
497
136
474
277
281
472
134
499
222
339
421
159
519
188
399
363
201
516
152
436
323
237
500
138
470
281
275
474
126
496
242
318
441
149
514
206
359
386
183
510
163
417
344
233
501
139
468
285
273
476
133
495
245
314
443
148
512
207
357
406
170
522
176
398
364
200
510
144
451
306
253
490
134
492
248
312
446
146
512
210
353
408
167
521
178
394
369
197
517
154
433
328
232
502
139
479
268
290
464
139
503
214
349
413
165
520
182
389
373
193
518
156
427
333
227
505
140
463
292
267
482
134
491
252
325
434
152
516
199
367
379
189
518
159
423
338
223
507
142
458
296
261
485
134
487
256
303
453
144
509
221
344
417
173
522
172
403
359
204
508
143
455
300
258
487
134
486
260
299
456
144
508
221
342
421
160
518
188
383
381
187
516
151
436
322
237
500
138
483
264
295
460
142
505
224
336
423
157
518
191
378
386
184
511
163
417
345
217
509
143
452
285
272
477
133
495
246
331
429
155
517
193
372
389
181
523
165
412
349
214
511
145
450
308
251
491
136
480
267
292
447
146
512
213
352
410
177
522
167
409
353
210
513
147
447
311
247
493
137
478
271
288
466
139
502
231
330
430
154
521
182
389
375
192
518
149
442
315
243
495
136
475
274
284
468
138
500
235
325
435
152
516
200
366
396
175
522
169
422
338
223
507
142
457
279
279
472
134
497
240
320
439
149
515
204
362
401
172
522
172
402
360
203
514
149
440
319
258
486
135
485
260
299
442
148
514
207
358
405
170
522
175
398
365
200
516
151
436
324
237
500
138
470
282
276
474
141
505
226
337
425
157
521
177
394
368
197
516
154
434
327
234
501
139
467
285
273
475
133
495
244
315
444
148
513
193
374
389
181
520
164
431
330
231
503
140
465
288
271
479
134
493
249
311
446
146
512
211
353
409
168
522
177
394
351
211
511
147
447
309
268
480
134
491
251
308
449
145
511
213
349
413
165
521
180
391
373
194
518
155
429
332
229
495
136
476
272
286
467
144
510
217
346
416
163
520
184
386
377
191
518
157
425
335
226
504
141
460
292
266
481
134
500
235
325
434
152
516
186
384
379
189
518
159
423
337
223
506
142
458
296
262
483
134
487
256
304
453
145
510
217
363
400
174
522
171
404
341
220
507
142
457
298
260
485
135
486
257
301
455
144
508
219
343
419
160
520
185
385
378
203
514
150
440
318
241
488
134
485
260
299
457
142
507
222
340
421
159
519
187
381
383
186
516
161
420
342
220
507
138
469
282
276
474
125
505
227
335
427
156
518
192
375
388
181
520
164
414
347
214
510
146
450
306
253
491
136
481
248
311
447
146
512
211
370
393
178
521
168
409
353
210
512
146
445
311
248
493
136
478
270
289
466
139
502
232
329
416
162
520
183
388
375
206
514
149
441
317
243
496
137
474
275
282
470
137
500
236
324
437
152
516
201
365
398
174
515
160
421
340
223
507
137
471
280
278
473
132
497
240
319
441
149
515
205
361
403
172
523
174
400
362
202
515
151
453
304
256
489
136
484
246
312
445
146
512
209
355
408
167
521
178
395
368
197
516
154
433
328
233
501
138
467
285
290
464
140
504
229
332
412
165
521
182
390
373
194
516
156
429
331
228
504
141
464
291
269
479
132
492
249
309
449
153
516
198
369
394
177
517
158
425
336
226
506
141
461
294
264
483
135
490
255
305
453
144
509
218
346
416
162
520
172
403
359
205
514
149
455
300
258
487
134
486
260
298
457
142
506
222
341
422
160
519
189
380
381
187
515
160
420
324
236
499
138
470
281
293
461
141
505
226
336
425
157
519
192
377
387
183
514
163
416
345
216
509
144
452
304
256
478
133
494
247
313
446
155
517
195
371
391
180
522
166
412
350
213
512
145
449
308
250
491
136
480
268
291
464
140
511
216
350
413
165
520
169
408
353
209
513
147
446
313
246
494
136
477
271
287
466
139
501
232
328
432
154
516
197
387
374
192
517
157
427
315
244
496
136
476
275
283
469
138
501
235
325
434
152
516
199
367
396
176
521
169
407
354
224
506
142
459
295
263
472
134
498
239
322
437
151
515
202
364
399
174
521
171
403
358
206
513
148
442
316
243
496
134
487
258
301
456
142
514
205
360
403
172
521
174
400
361
203
515
151
438
320
239
498
137
471
278
279
472
135
497
223
338
422
158
518
189
398
365
200
516
153
435
323
235
500
137
469
282
276
475
125
495
243
317
442
149
515
207
359
387
183
515
164
416
345
233
503
139
466
287
272
478
133
493
247
312
445
147
512
209
355
407
169
521
176
396
367
198
510
145
449
307
251
491
133
492
250
309
448
146
511
212
351
411
166
521
180
392
371
196
517
155
430
328
232
503
139
478
269
288
464
140
502
216
348
413
165
520
181
390
372
193
517
155
429
332
228
504
140
464
291
269
481
134
492
250
326
433
153
516
198
369
377
191
517
157
424
335
225
505
140
460
294
264
483
134
489
253
305
452
145
510
216
347
414
175
522
169
406
356
208
507
142
457
297
262
484
134
487
256
303
454
144
509
218
345
417
162
520
185
386
378
190
517
149
440
318
241
497
137
485
259
300
456
142
507
220
341
420
160
519
186
384
381
188
517
160
422
339
223
507
142
458
280
279
472
134
498
240
338
422
158
519
189
379
383
185
515
162
418
342
219
509
144
454
301
258
487
135
484
260
298
442
149
513
206
359
404
183
518
163
416
345
216
510
144
452
304
256
489
135
483
264
295
460
142
505
224
336
425
158
522
177
395
367
199
517
145
448
309
251
492
135
480
268
291
463
141
503
229
333
428
156
518
195
374
389
181
522
164
429
331
229
503
139
464
271
287
466
138
501
232
329
432
154
517
197
368
394
177
523
167
408
353
209
513
147
446
312
264
483
135
490
254
305
436
151
516
201
364
398
174
521
171
405
358
206
514
149
441
317
243
497
137
475
275
283
469
143
508
219
343
419
161
522
173
400
362
202
515
151
438
321
240
498
138
472
280
279
473
134
498
239
320
439
150
515
189
380
384
185
515
161
435
325
235
501
139
468
284
275
476
128
495
243
316
442
149
513
206
358
404
170
521
175
398
348
216
509
145
451
305
271
478
134
494
247
313
445
147
513
210
354
408
168
522
177
394
367
197
517
153
432
327
233
492
136
479
268
291
463
145
511
214
349
413
165
521
180
389
372
194
517
155
429
331
230
503
140
464
289
268
479
134
503
233
328
432
153
517
183
388
376
192
517
157
427
334
227
505
140
462
292
266
481
134
490
252
306
450
145
511
215
366
396
176
523
168
407
337
225
507
142
460
296
263
483
134
489
255
305
452
144
509
216
346
416
163
520
182
388
376
207
513
150
442
316
244
485
134
487
256
303
454
143
509
218
345
417
161
519
184
385
377
190
517
158
425
336
225
506
136
474
276
282
469
137
508
220
342
420
161
520
186
383
380
188
517
159
422
338
223
507
142
458
297
262
484
135
489
238
320
438
150
515
202
379
383
186
516
161
420
341
221
508
142
456
299
259
485
135
485
258
301
456
144
508
220
342
402
171
522
173
401
361
219
509
143
454
301
258
487
135
484
260
300
457
142
507
221
340
421
160
520
187
381
381
187
515
151
437
321
238
499
134
484
262
297
458
141
507
223
338
422
160
519
188
380
382
187
516
161
420
341
221
507
143
470
280
278
473
132
497
224
336
424
158
519
189
379
384
185
515
162
419
342
219
508
143
455
301
258
487
134
485
259
317
442
149
514
206
359
387
183
515
164
415
345
217
509
144
452
304
254
488
136
483
263
295
460
141
506
224
337
424
168
522
177
396
368
199
511
145
449
306
250
491
135
480
266
292
463
141
505
228
333
428
157
518
193
374
388
182
520
154
431
329
231
503
140
477
270
287
466
139
502
232
329
431
153
517
197
370
393
179
522
167
411
351
211
511
146
447
291
267
482
135
491
252
325
434
152
516
200
366
397
175
522
169
407
355
208
513
148
444
313
245
495
136
476
272
285
454
144
509
218
344
418
174
522
172
403
359
204
514
149
440
319
242
498
137
473
277
281
471
135
498
237
322
437
151
520
188
381
382
188
516
152
436
322
236
500
137
470
282
276
475
127
496
242
317
442
148
514
205
359
403
171
522
174
416
345
216
509
144
453
286
271
478
134
493
247
312
447
147
513
211
353
409
168
521
179
394
368
197
517
154
432
326
248
493
136
479
269
289
450
145
511
215
349
413
165
521
181
390
373
193
517
155
428
331
228
503
139
462
290
266
480
138
501
235
326
434
153
520
185
385
377
190
518
159
424
337
224
505
142
459
294
263
483
133
489
254
304
452
144
510
202
364
399
175
521
170
422
340
222
508
143
458
299
261
486
135
486
258
300
455
143
508
220
342
418
160
519
186
384
361
203
515
150
438
320
256
488
135
485
261
297
458
142
506
223
339
422
158
518
188
380
382
186
516
161
420
341
221
499
138
469
282
275
475
142
505
226
335
425
158
518
190
377
385
184
510
162
417
344
217
509
142
454
303
256
489
135
494
244
314
444
148
513
193
374
389
181
520
164
414
348
214
510
144
450
307
252
491
135
481
266
292
463
141
504
228
352
411
166
521
178
393
352
210
512
146
447
310
247
493
136
478
270
288
465
139
502
231
330
430
155
517
195
372
391
192
517
156
428
333
227
495
137
476
273
284
467
138
501
234
326
433
152
516
198
367
396
176
522
169
407
354
207
514
141
459
296
262
484
134
498
239
322
438
150
515
202
362
400
172
522
171
404
359
204
515
150
441
318
241
497
137
473
259
299
457
144
507
221
359
403
169
522
174
399
363
201
515
151
437
322
238
499
138
471
281
277
474
134
497
240
320
424
158
519
191
378
385
199
516
153
434
326
234
500
139
468
284
274
476
131
494
244
316
443
148
514
207
357
406
168
520
164
414
348
213
511
139
464
288
270
479
134
492
249
311
447
146
512
211
352
410
167
521
179
393
370
195
516
154
446
310
249
493
136
479
251
307
450
144
511
214
348
413
163
520
181
390
373
193
518
157
429
332
229
504
140
463
290
286
467
139
502
233
328
417
162
520
184
386
376
190
518
159
425
335
225
505
142
461
294
265
483
133
490
252
306
451
151
516
200
365
398
174
516
160
422
338
222
507
142
459
297
262
485
136
488
255
303
454
142
509
217
345
417
162
520
172
403
358
205
513
149
456
299
258
486
133
486
259
300
456
143
508
220
342
419
160
520
186
383
379
189
518
159
423
319
240
498
138
473
277
298
457
142
507
222
340
420
160
519
188
382
380
189
517
159
422
338
222
506
142
458
295
262
472
133
499
238
322
438
159
518
188
381
382
187
515
160
421
340
222
508
142
457
297
261
485
134
487
256
302
454
143
515
203
363
399
174
522
161
421
339
222
507
142
457
298
261
485
133
488
256
302
454
143
508
218
344
416
163
520
183
404
359
206
514
147
442
299
260
486
135
488
257
303
454
143
509
218
345
416
162
519
184
386
376
190
517
157
426
334
243
496
137
475
274
284
455
144
508
220
344
417
162
520
184
386
376
190
517
157
425
334
226
505
140
462
293
265
482
137
499
235
325
434
152
521
186
385
378
190
518
158
425
336
225
506
140
460
294
264
483
134
489
253
305
452
144
511
200
366
397
175
521
169
423
337
223
507
141
458
296
262
484
134
488
255
303
453
144
509
217
346
415
163
520
183
388
357
207
513
148
443
315
261
485
133
487
257
303
454
143
508
218
344
417
162
519
184
386
376
190
518
158
426
335
226
497
136
474
275
282
470
143
507
221
342
420
160
519
187
384
379
188
517
159
423
337
224
507
140
459
296
262
484
134
497
239
321
438
150
514
188
381
381
187
515
160
421
339
221
507
142
457
299
260
485
134
487
258
301
456
143
507
220
360
402
172
521
173
401
343
218
508
143
454
302
256
487
134
484
261
298
458
142
507
223
340
422
160
519
188
381
382
200
515
152
436
324
235
490
136
481
266
293
461
140
504
226
335
426
157
518
192
377
386
184
515
164
417
345
217
510
138
466
287
272
478
132
503
230
331
429
155
517
194
372
391
180
523
166
412
351
212
512
145
449
309
250
493
135
479
251
308
449
146
511
213
368
394
177
522
168
408
353
210
512
146
445
312
248
494
135
478
271
288
466
139
502
231
330
414
162
521
183
388
374
207
513
149
443
315
243
495
137
475
275
284
468
137
500
235
326
434
152
516
199
367
395
176
518
158
424
338
224
506
136
472
277
280
472
134
499
238
322
438
151
517
203
364
398
174
522
171
403
358
205
514
149
457
299
260
485
134
486
241
318
441
149
515
205
360
403
172
522
172
401
362
203
514
150
439
319
239
497
137
472
278
298
457
141
507
223
340
404
170
521
175
398
364
200
515
152
437
322
238
499
138
470
280
278
473
133
497
241
320
440
159
519
189
378
385
184
516
152
433
325
235
501
138
469
284
274
476
132
496
244
314
443
148
513
207
356
405
169
521
165
414
348
215
510
144
465
289
270
478
133
494
248
313
447
147
512
209
354
408
167
521
178
395
367
198
516
152
433
309
251
491
136
481
266
309
449
146
511
213
351
411
167
521
179
392
370
196
517
154
431
328
232
502
139
465
287
270
465
139
503
231
329
430
164
520
182
388
374
193
517
156
428
331
229
504
140
463
290
268
480
134
492
249
309
448
146
516
197
369
394
178
522
157
426
335
227
505
141
461
293
265
483
133
490
252
307
450
144
510
214
347
414
164
521
182
406
356
207
513
147
444
297
263
485
134
488
256
303
453
144
509
217
345
416
163
520
184
385
377
190
517
159
425
336
241
497
136
474
277
281
457
143
507
221
341
420
160
519
186
382
380
188
515
159
422
339
222
507
141
457
297
260
485
133
497
240
320
440
150
518
189
379
383
185
514
161
419
342
219
508
143
455
301
258
487
134
486
260
299
457
143
507
205
358
403
170
521
174
417
345
217
509
144
452
303
256
489
135
483
262
296
459
143
506
224
338
423
158
519
189
379
367
198
516
152
434
325
252
491
135
481
266
292
462
141
503
226
333
426
156
518
192
376
387
183
519
164
416
346
216
502
139
466
287
271
478
140
504
230
330
430
155
517
194
371
391
180
522
166
412
351
212
512
145
449
309
249
493
135
491
251
308
449
146
511
198
367
395
176
522
168
407
354
208
513
147
444
314
246
495
136
477
272
285
467
139
501
232
346
416
162
520
184
386
359
205
514
149
441
318
242
496
137
474
276
282
471
137
499
237
324
436
151
515
200
364
399
187
516
160
421
341
221
499
138
470
282
277
474
129
496
242
319
442
150
514
206
359
403
171
522
174
398
363
201
516
145
452
304
254
490
135
493
246
312
446
147
513
210
354
408
168
521
178
394
369
196
516
154
432
328
231
502
138
465
269
290
465
140
503
230
348
413
164
521
182
389
373
193
518
157
428
333
228
504
140
461
291
267
481
134
491
251
308
434
153
516
200
368
396
189
518
158
424
337
224
505
142
459
295
263
483
135
489
254
304
453
144
509
217
346
416
163
523
171
404
357
206
514
142
457
298
260
485
134
487
256
301
455
144
508
219
343
418
161
520
185
385
379
189
518
159
440
320
240
498
138
472
260
298
457
142
507
223
340
422
159
520
187
381
382
186
516
160
420
340
221
507
143
456
298
277
473
130
496
240
319
425
157
519
190
378
385
185
510
162
417
344
217
509
144
454
302
256
488
136
484
261
297
459
148
514
207
356
406
169
521
164
415
347
215
510
145
451
304
253
490
135
482
264
294
461
141
506
225
336
425
158
519
178
395
367
198
515
153
449
308
251
491
136
481
267
292
463
141
505
227
333
428
156
518
192
375
388
184
521
165
415
327
232
502
138
466
286
290
465
140
504
229
331
430
155
518
195
373
390
180
523
166
413
348
214
510
144
450
306
253
478
133
493
247
311
446
155
517
196
371
391
180
523
166
411
349
213
511
146
448
307
250
491
136
481
267
292
463
140
511
213
350
410
166
520
168
410
353
211
512
147
446
310
248
493
136
478
269
288
465
139
502
231
330
430
155
518
195
388
373
193
518
156
428
313
245
495
136
476
273
285
468
138
501
233
326
433
152
516
198
369
394
177
522
168
409
353
226
505
141
461
293
266
470
138
500
236
324
436
151
516
200
366
396
175
522
170
407
354
208
513
148
444
313
246
495
134
488
255
304
453
144
515
202
363
399
175
521
171
404
357
206
514
149
442
316
243
496
136
474
275
284
468
138
501
219
343
418
161
520
186
402
359
204
514
149
440
318
241
497
138
473
277
280
471
136
499
237
323
437
151
516
200
365
379
188
517
159
423
339
239
499
137
472
278
279
472
134
497
239
321
439
150
515
202
363
398
174
522
171
403
357
205
508
142
457
298
260
487
129
497
242
318
440
150
514
205
360
402
173
522
173
401
362
203
514
151
439
320
239
498
137
484
262
298
459
142
507
207
357
405
171
521
175
399
363
201
516
152
437
322
238
500
138
470
281
277
474
130
497
241
336
425
159
518
191
379
367
198
517
152
435
326
234
502
138
469
285
274
477
132
495
245
315
443
149
514
207
357
404
182
520
164
416
346
217
503
139
466
287
271
479
134
494
247
313
446
148
513
210
355
408
169
521
177
396
366
199
516
145
450
308
252
492
136
492
250
311
448
146
512
212
353
409
167
521
179
394
369
196
517
153
433
327
232
502
138
467
269
290
465
140
504
230
350
413
166
521
180
392
373
195
517
155
431
331
231
504
139
465
289
270
480
134
493
248
311
431
155
516
196
371
391
191
518
157
428
333
227
505
140
462
292
267
482
134
491
252
307
450
146
511
214
349
412
166
522
169
408
355
208
512
141
460
295
264
484
134
489
256
305
453
145
510
217
347
416
163
521
184
388
375
192
518
157
442
317
243
496
138
475
258
301
455
143
507
220
343
419
161
520
186
384
379
188
519
159
424
337
224
507
141
459
297
280
472
134
497
239
322
421
159
520
189
381
383
186
517
161
420
341
220
508
143
456
300
258
486
135
487
259
300
457
149
514
205
359
402
170
511
163
418
345
218
510
144
454
303
256
489
135
484
262
297
458
142
506
223
340
421
159
520
175
398
365
200
516
151
451
306
253
490
135
482
265
294
462
140
504
225
335
425
157
519
191
377
387
184
516
163
416
329
232
502
139
466
286
290
464
140
503
229
330
429
155
518
194
372
390
180
523
166
413
350
213
512
146
449
309
251
481
134
491
250
309
449
152
517
197
368
395
176
522
168
408
354
209
513
147
446
313
247
494
137
477
271
287
465
139
509
216
346
416
162
520
171
404
358
205
514
149
441
316
242
496
137
474
274
284
469
138
499
236
324
435
152
516
200
384
379
189
517
158
423
320
240
497
137
472
277
281
471
135
499
238
322
437
150
515
203
364
399
174
523
171
404
358
221
508
142
457
298
260
473
130
497
241
319
440
149
514
204
360
402
172
522
173
401
361
203
514
150
438
319
240
497
135
484
261
298
457
143
513
207
357
405
170
521
175
398
365
199
516
152
436
324
237
499
138
469
282
276
474
126
496
225
336
426
157
519
192
393
369
197
516
154
432
328
233
502
139
466
286
272
477
133
494
247
313
446
147
512
210
353
391
179
523
167
411
351
228
504
140
462
291
266
482
135
491
254
306
451
145
510
215
348
414
164
521
182
388
374
192
513
148
443
315
243
495
134
486
257
301
455
143
508
220
342
420
161
520
186
383
379
189
517
160
422
339
222
506
142
471
281
278
474
132
497
225
336
424
158
519
190
377
386
184
510
164
417
345
217
509
144
453
304
253
489
134
482
264
312
447
147
512
211
353
391
179
523
167
411
351
212
512
146
447
310
250
493
136
479
269
289
466
139
503
230
330
431
165
521
182
389
373
193
512
148
443
316
244
496
137
476
275
283
469
137
500
235
324
436
152
516
200
366
396
176
522
158
423
338
223
506
142
472
279
278
473
134
497
241
319
440
149
514
204
361
402
173
522
174
401
361
203
514
151
439
302
256
488
134
484
262
315
444
148
513
208
356
406
170
521
175
398
366
200
516
152
436
324
236
501
139
470
282
275
462
140
504
227
334
426
167
520
180
393
369
195
516
153
431
329
232
503
139
464
288
270
480
132
493
249
311
447
146
517
196
370
392
178
521
157
427
333
227
504
140
462
292
267
481
133
491
252
310
450
145
509
214
349
413
166
521
181
408
354
209
512
147
445
295
264
483
135
489
254
305
452
145
510
216
346
415
163
520
183
389
375
193
518
157
428
333
244
496
136
475
274
283
455
143
507
219
343
417
162
519
185
385
378
190
517
158
424
336
224
506
141
461
295
264
483
137
499
237
324
436
151
520
186
383
379
188
517
158
423
338
222
506
141
458
297
261
485
135
487
257
303
454
144
508
202
362
401
173
522
172
419
342
218
508
143
454
301
258
487
135
485
260
299
457
145
508
222
340
421
160
518
187
381
364
200
516
151
437
323
254
489
135
482
264
295
460
141
505
225
336
425
158
518
191
379
386
184
510
162
417
343
217
501
138
468
285
273
477
140
503
228
333
428
156
517
193
374
389
180
521
165
414
348
214
511
145
449
307
251
490
135
491
248
311
447
147
511
196
370
392
178
522
166
410
352
211
511
146
447
311
248
493
136
478
270
289
465
139
502
230
348
414
164
521
183
389
356
207
513
148
443
314
245
495
137
475
274
286
468
139
500
234
327
432
153
516
198
368
394
190
518
158
425
336
224
497
137
473
277
281
471
134
498
239
322
438
151
515
203
362
400
173
521
171
403
359
204
514
143
454
301
258
487
135
495
243
316
442
149
514
206
358
405
169
522
176
398
364
200
516
151
436
323
236
500
137
469
265
294
461
142
505
226
353
408
166
521
178
394
369
196
517
153
432
328
232
502
139
465
286
272
478
134
493
246
313
429
155
518
194
372
390
194
517
156
429
332
229
504
141
463
290
269
480
134
491
250
309
448
146
511
212
350
411
165
523
168
408
353
209
512
142
459
294
264
483
134
488
255
306
451
145
510
215
346
414
164
521
182
388
375
192
517
156
442
315
243
495
136
474
257
302
455
144
509
219
343
419
161
520
185
384
379
188
517
159
423
338
224
506
142
458
296
280
471
133
498
239
320
423
159
519
189
379
383
185
515
162
419
343
219
509
144
454
302
257
487
135
484
260
299
457
148
513
206
357
405
170
521
165
414
347
215
510
145
450
306
253
490
134
481
264
294
460
141
505
226
335
426
157
518
179
393
369
196
516
154
448
309
249
493
136
479
269
288
465
139
503
230
330
430
155
517
196
371
392
179
523
167
410
333
227
504
140
462
291
284
469
137
501
235
326
434
152
516
199
367
396
176
522
168
407
354
209
513
148
445
313
247
483
134
489
254
304
453
151
516
201
363
398
174
522
170
403
357
206
513
149
442
315
244
496
137
475
275
285
468
137
508
219
343
418
162
519
173
403
360
204
514
150
440
318
241
497
137
473
277
281
471
136
499
237
322
438
151
515
201
381
381
187
516
160
421
321
238
499
138
470
279
278
473
134
498
239
320
439
151
515
204
361
401
173
522
173
403
360
220
508
143
455
300
258
476
127
495
244
315
443
148
513
207
356
404
170
521
175
397
365
200
516
152
436
324
236
499
135
482
265
294
462
141
512
210
353
409
168
520
177
394
368
198
516
152
433
326
235
502
139
467
284
273
477
132
495
228
332
428
156
518
193
392
370
196
517
155
430
329
230
502
139
465
288
271
478
133
493
247
312
445
147
512
210
354
391
180
523
166
413
349
229
505
139
463
289
268
479
134
492
250
309
447
146
511
212
351
410
167
521
178
393
369
196
513
146
448
310
250
493
134
490
251
308
450
144
511
213
350
411
166
521
180
392
371
195
517
154
430
329
231
503
138
478
270
291
465
140
503
214
348
413
167
520
182
389
372
194
518
155
429
332
229
503
139
464
289
269
479
134
493
248
330
431
153
517
196
372
375
193
517
157
428
333
229
505
140
463
290
268
480
134
491
250
309
448
146
511
212
351
410
177
523
167
410
353
210
505
141
461
292
267
482
134
490
252
308
449
145
511
213
349
412
164
521
180
391
372
195
517
147
445
312
247
494
136
490
253
306
451
144
511
215
347
414
164
521
181
389
374
193
517
155
429
332
229
503
140
464
272
287
466
139
502
232
346
416
163
521
183
388
375
192
518
157
427
333
228
504
140
462
291
267
480
134
492
251
309
433
153
516
197
369
394
191
517
157
425
335
226
505
141
461
293
266
482
133
490
252
307
450
145
510
215
349
413
165
522
169
408
354
209
513
141
461
294
263
483
134
489
253
305
451
144
510
215
346
414
164
521
183
388
374
193
518
157
443
315
244
495
136
476
257
303
454
146
509
219
344
416
162
520
185
385
377
190
517
158
425
336
226
506
142
461
293
281
470
137
499
236
322
420
161
520
187
383
379
189
517
159
422
338
223
506
144
458
296
262
485
134
488
256
304
453
151
515
202
363
400
174
516
161
420
341
221
507
142
456
299
258
486
134
487
259
