=~=~=~=~=~=~=~=~=~=~=~= PuTTY log 2024.10.02 14:39:49 =~=~=~=~=~=~=~=~=~=~=~=
310
503
448
231
145
329
511
433
215
152
346
516
416
200
161
363
519
392
180
179
390
522
373
163
198
416
516
348
154
213
432
510
329
146
229
447
503
311
140
246
462
494
294
136
264
475
477
267
133
290
492
464
242
142
317
506
443
226
148
336
512
427
209
156
353
518
410
195
166
370
520
393
181
177
389
517
366
164
196
413
516
341
151
220
437
509
323
144
235
452
501
306
138
251
465
490
288
135
268
477
480
272
134
285
494
461
246
141
312
503
439
223
149
339
514
424
207
156
355
517
407
192
167
372
521
390
180
178
390
522
374
169
192
415
516
347
154
212
430
508
321
144
237
453
499
304
138
253
467
490
287
135
270
479
479
270
134
287
490
466
253
139
313
504
445
228
145
331
514
423
206
157
357
518
406
192
167
374
520
388
180
180
390
522
373
168
192
408
518
354
158
214
432
510
329
146
229
455
498
303
138
254
468
488
285
135
272
480
477
269
133
289
492
466
251
138
307
501
451
235
146
332
511
429
212
154
359
519
404
190
169
376
520
387
179
180
393
514
371
168
194
409
517
355
157
208
425
512
336
145
231
448
503
311
139
256
469
488
284
134
272
481
478
268
133
289
492
465
252
140
306
501
451
235
144
323
508
437
213
154
350
518
413
198
169
376
521
388
177
181
393
510
370
166
194
410
517
353
156
209
427
512
335
148
224
441
506
309
139
249
463
493
291
134
274
481
476
265
125
291
493
464
249
140
308
502
449
233
145
327
508
434
218
151
343
515
410
196
164
369
521
395
176
183
395
517
369
164
196
411
517
351
155
209
428
512
334
148
226
443
505
316
142
240
457
493
290
136
267
477
481
264
132
293
494
462
249
140
311
504
448
232
145
328
510
432
215
152
345
516
417
200
161
363
521
391
180
179
389
522
366
164
197
414
516
348
156
213
430
511
331
147
228
446
503
313
140
244
460
495
297
138
261
479
479
270
133
287
489
459
244
140
313
505
446
228
146
330
511
430
213
153
348
516
414
200
163
365
520
398
186
174
391
522
372
169
192
407
516
347
153
214
432
511
329
146
229
446
504
312
141
245
461
495
295
136
262
473
484
277
134
288
490
466
251
139
304
504
445
229
147
331
511
430
215
154
346
516
415
200
162
364
519
399
187
173
381
521
383
175
191
406
518
357
159
204
430
511
331
148
228
444
504
314
141
243
458
495
296
136
260
471
486
279
134
278
484
474
263
138
303
499
453
238
143
330
510
431
216
153
347
515
416
201
161
363
519
400
188
171
379
522
384
176
183
396
518
367
160
203
420
514
341
150
228
443
505
315
141
241
457
497
299
138
258
470
487
281
134
275
483
476
265
125
292
493
463
241
142
318
505
442
224
153
344
515
418
202
161
361
519
402
189
170
378
522
384
177
183
396
517
367
165
196
412
517
343
151
217
435
509
325
142
240
457
497
300
138
257
470
487
282
135
274
483
477
265
125
291
493
464
250
139
308
502
442
226
147
335
513
426
203
161
361
519
402
189
170
378
521
385
176
182
395
517
369
166
195
411
517
352
156
209
427
508
325
144
234
451
501
298
138
258
470
487
281
135
275
482
476
264
132
293
493
462
247
140
310
502
447
231
145
328
513
424
208
157
355
517
400
188
171
381
521
383
174
183
398
519
367
165
197
414
517
350
155
211
429
512
333
147
226
452
501
306
139
251
464
486
281
134
276
483
474
264
133
294
494
462
247
140
312
502
448
231
145
328
509
433
216
152
354
518
408
194
166
371
521
383
174
184
397
518
366
164
198
413
517
349
155
211
428
511
333
147
226
443
505
315
141
251
464
491
289
136
267
483
475
266
130
292
494
462
248
140
310
502
449
232
145
327
510
433
216
152
344
515
417
202
167
371
520
393
182
178
398
518
367
164
198
415
515
349
155
212
430
512
333
147
227
444
505
314
141
243
459
496
297
136
268
478
480
271
133
295
496
461
246
140
313
503
447
230
146
330
510
431
214
153
348
516
416
200
162
365
520
400
180
178
389
521
373
168
199
416
516
348
154
214
431
511
330
146
229
445
504
313
140
245
461
496
296
136
261
474
485
270
134
287
490
466
253
141
314
504
446
229
146
330
511
432
213
153
348
516
414
199
162
365
520
397
185
173
383
521
373
168
192
408
518
356
154
214
431
511
331
147
229
446
503
312
140
244
461
496
296
137
261
474
485
279
134
279
485
466
254
138
304
499
453
229
145
331
510
432
215
153
347
516
416
200
162
364
520
399
187
173
381
522
384
175
184
398
518
358
158
204
422
513
332
147
227
445
505
315
140
243
459
497
297
136
260
471
485
280
135
277
483
475
264
133
293
498
454
238
143
320
506
433
216
152
346
516
417
201
160
363
520
401
188
170
380
522
385
176
183
396
517
369
165
195
420
515
343
152
217
434
505
317
141
241
456
497
300
138
256
470
488
282
135
275
482
476
267
128
290
493
464
250
140
317
505
443
226
148
334
515
420
204
159
359
519
405
191
168
376
520
388
180
180
392
520
373
168
192
407
518
355
158
214
431
511
329
146
230
454
499
303
138
253
467
491
288
138
269
478
480
271
134
286
490
468
255
137
302
498
455
239
146
328
509
433
217
152
353
517
411
195
165
369
520
394
183
176
386
522
378
171
187
402
519
362
162
200
418
515
345
149
223
439
508
320
142
246
461
495
295
135
263
473
484
279
135
278
484
474
263
134
293
494
461
246
141
311
502
447
225
148
336
513
426
209
160
362
519
401
189
172
379
522
386
176
183
395
517
368
165
195
411
517
352
155
210
426
512
326
146
232
449
503
309
138
256
468
488
285
135
272
481
478
267
134
289
492
466
251
138
306
501
452
236
144
323
508
430
214
153
349
517
414
192
168
373
521
391
181
180
390
523
374
169
191
406
518
358
160
204
422
515
342
151
218
437
506
316
142
241
458
498
291
137
266
477
484
275
135
282
488
471
259
137
300
497
458
242
141
316
506
444
228
147
333
516
422
205
157
358
518
397
186
173
383
522
382
174
185
399
519
366
163
197
413
516
348
154
211
430
511
332
148
227
453
501
306
138
251
465
486
282
135
276
483
476
264
132
293
494
462
247
140
310
503
450
233
145
326
509
434
218
152
353
517
410
195
165
369
521
385
177
182
395
517
369
166
195
410
518
352
156
209
427
513
335
149
224
442
506
319
143
248
462
493
293
136
264
481
478
268
132
290
491
465
251
139
306
500
451
236
144
322
508
438
221
149
340
515
423
206
162
365
520
398
186
173
391
522
373
169
192
407
517
355
158
205
422
513
339
150
219
437
509
323
144
236
453
500
305
136
260
471
485
281
134
285
489
467
254
137
304
498
454
239
143
319
506
440
224
149
338
513
425
209
157
355
517
409
187
171
379
521
385
177
191
406
519
359
160
203
420
515
342
152
218
436
508
325
144
233
451
502
308
139
249
463
493
282
134
274
483
476
265
138
301
497
456
241
141
318
505
441
225
148
335
513
427
210
155
352
518
410
196
164
370
521
385
176
182
395
517
369
161
203
419
515
342
151
217
434
509
325
144
232
449
502
308
140
248
463
493
290
137
266
476
476
265
125
292
493
463
241
142
318
505
442
225
148
335
513
426
210
156
353
517
409
195
165
370
520
394
182
176
387
517
369
164
196
411
517
343
152
216
435
509
325
144
233
450
502
308
140
249
463
493
291
136
265
475
482
275
134
281
492
465
250
139
307
502
442
225
146
334
512
428
210
155
351
518
411
196
165
368
519
396
184
175
386
521
378
171
188
410
517
353
157
208
426
509
327
146
232
449
503
310
140
248
463
493
293
136
264
475
482
275
134
282
486
471
258
137
308
501
450
233
144
325
512
428
211
154
351
518
412
197
165
367
520
396
184
175
384
522
379
172
186
401
519
362
162
209
426
512
335
148
223
449
503
310
140
249
463
494
292
137
265
476
483
275
133
281
486
470
257
136
298
497
458
242
144
325
508
435
219
150
351
517
412
197
165
369
520
395
183
176
385
522
378
171
188
402
518
361
161
201
418
515
344
149
225
441
505
317
142
249
464
492
291
136
267
476
481
274
133
283
488
470
256
137
301
498
456
240
142
318
506
442
217
151
345
515
419
202
166
371
521
394
183
176
387
522
375
171
189
404
519
358
160
203
421
515
341
151
218
436
508
316
142
243
458
496
297
136
268
477
480
272
134
284
488
468
255
138
301
498
456
239
142
320
506
441
224
148
336
513
417
201
160
363
519
399
180
178
389
521
373
169
191
406
517
356
158
205
423
514
338
149
221
439
508
322
143
237
454
495
295
136
262
474
484
269
133
288
490
465
252
138
305
500
452
235
143
323
508
436
220
150
341
515
421
205
158
358
520
397
185
174
384
522
372
167
192
409
517
354
157
208
425
514
336
148
222
440
507
320
143
238
454
499
304
138
254
474
484
276
133
281
486
464
251
139
306
500
450
235
143
324
509
436
218
150
342
515
421
205
159
359
519
405
193
167
383
522
380
174
187
400
517
355
158
206
424
513
337
149
222
440
507
319
142
239
454
499
303
137
254
468
488
286
134
280
486
471
261
137
297
500
451
235
144
323
508
436
219
151
342
514
421
205
160
359
519
404
191
169
377
521
386
178
187
402
519
362
161
201
425
511
336
148
224
441
505
318
143
240
456
498
301
138
256
469
489
284
135
272
481
477
266
137
299
496
458
243
141
325
508
435
219
151
342
515
420
205
159
358
518
405
191
169
376
521
388
181
181
392
519
372
161
200
416
515
346
153
222
440
506
320
143
238
454
500
303
139
254
467
490
286
135
270
479
479
269
134
287
490
466
245
140
313
503
447
229
149
339
515
423
207
157
356
517
408
193
167
373
520
390
180
178
389
521
373
167
192
407
517
348
153
213
431
511
330
143
237
454
500
305
139
252
466
490
287
135
269
479
480
270
133
286
490
466
253
137
304
500
446
231
145
330
510
431
206
159
356
517
407
193
167
374
521
390
179
179
390
522
372
169
190
406
519
357
158
205
423
512
331
146
228
446
504
305
137
253
467
491
288
135
270
479
480
269
134
286
489
467
253
138
305
499
454
236
143
322
512
431
214
153
349
516
407
193
167
374
521
390
178
179
391
520
372
167
193
408
518
355
156
207
425
513
337
150
223
448
503
310
139
247
462
488
285
135
273
481
477
266
133
290
492
464
250
140
308
501
450
234
144
326
510
435
219
151
352
518
411
196
165
371
523
385
176
183
397
517
368
165
196
412
517
350
155
212
429
511
332
147
228
444
506
315
141
251
466
490
288
135
269
485
473
262
134
295
495
459
244
140
314
504
444
228
147
332
512
430
213
155
350
517
413
198
168
376
520
388
179
180
400
519
362
161
201
418
515
344
151
216
433
509
327
145
233
449
502
310
141
248
462
494
291
134
274
482
476
266
131
300
497
456
240
141
317
505
442
225
148
335
512
427
211
155
352
517
412
196
164
369
520
393
178
182
394
517
369
165
202
419
515
342
151
218
435
509
324
144
234
451
501
307
139
250
465
492
290
136
267
477
480
263
133
294
494
462
247
142
320
507
439
222
148
337
513
424
207
157
355
518
407
193
168
375
520
389
180
179
390
522
364
163
200
416
516
346
149
221
439
506
320
143
239
454
499
303
138
254
467
489
285
135
272
481
477
268
133
288
491
458
243
140
314
504
445
219
150
341
514
421
205
158
358
519
406
192
169
376
521
388
178
180
393
520
371
167
193
409
516
345
153
216
433
509
318
143
239
455
498
301
138
256
469
490
284
135
272
481
477
267
134
289
491
464
250
138
306
505
444
227
147
333
511
419
204
160
360
518
403
191
170
377
521
386
177
182
393
514
369
166
194
410
517
351
156
209
434
509
326
145
232
450
497
299
137
257
470
488
281
134
275
483
475
264
132
293
494
461
248
139
311
503
448
231
147
337
513
424
207
157
355
519
399
186
173
381
522
381
174
185
399
519
364
163
198
416
516
346
153
214
431
511
328
147
238
455
499
302
138
256
475
483
276
134
282
488
471
258
137
300
497
456
241
142
318
505
441
225
148
336
512
426
210
160
362
519
401
188
170
388
522
376
170
190
406
519
357
159
205
423
514
339
150
220
438
507
323
144
236
453
500
305
137
262
473
484
276
135
288
491
465
251
139
306
501
451
236
144
325
508
436
218
150
342
514
420
205
158
360
519
403
182
174
387
521
376
171
196
412
516
351
154
211
428
512
333
146
227
444
505
314
141
243
458
496
298
137
260
472
485
270
134
287
490
466
253
140
314
504
444
228
145
331
511
429
212
154
350
517
414
199
162
367
520
397
185
175
384
521
370
166
194
409
517
353
152
217
434
509
325
145
233
450
502
308
140
249
465
492
292
136
267
477
481
272
133
285
489
461
246
140
312
504
447
222
149
338
513
423
206
157
356
518
407
193
167
375
521
389
179
180
392
521
372
167
194
409
515
345
152
215
433
510
318
142
240
456
498
300
137
256
469
488
283
134
273
482
477
266
125
291
493
463
248
139
309
506
441
225
148
336
513
417
202
160
362
519
400
188
170
380
522
384
175
183
398
518
366
164
197
414
516
348
154
212
437
509
323
143
236
452
495
297
137
260
472
485
280
135
278
484
474
262
135
295
495
460
245
140
313
504
445
229
146
339
515
422
207
158
358
519
397
185
174
383
522
381
172
187
401
520
363
161
200
417
515
344
152
215
432
509
327
146
240
455
498
301
138
256
475
482
274
134
281
488
470
258
137
301
497
457
241
141
318
506
441
225
148
335
512
426
209
161
363
519
400
186
172
389
523
375
169
191
407
518
357
159
205
423
514
338
149
220
438
507
320
144
237
454
499
303
137
263
474
484
276
135
289
491
465
252
139
308
501
451
234
144
325
509
435
217
151
343
515
418
203
160
361
519
402
183
176
386
522
376
170
196
413
517
350
155
212
430
511
332
147
227
444
504
313
140
244
460
495
296
137
260
473
485
270
134
288
491
466
253
140
314
505
445
227
147
332
512
428
212
155
350
516
413
197
164
368
520
396
184
174
385
523
370
167
195
411
517
353
152
217
434
509
326
145
233
450
502
307
139
250
464
492
290
135
266
477
481
272
133
284
490
462
247
139
310
503
447
223
149
339
514
424
207
158
356
518
406
192
168
374
520
390
179
179
391
522
373
168
193
409
516
346
153
214
433
510
318
142
239
455
498
300
137
256
469
488
283
134
274
482
475
265
126
292
493
463
249
140
310
506
441
224
148
337
513
417
202
162
363
519
400
187
172
380
521
383
174
184
398
520
366
164
199
416
517
347
154
213
439
507
320
142
238
455
494
293
136
264
474
482
275
134
281
487
471
258
138
298
497
457
241
142
318
506
442
225
147
344
516
418
202
160
362
520
393
181
177
388
522
374
170
191
405
518
358
158
204
422
515
341
151
220
437
508
323
144
244
460
495
296
137
261
479
480
271
134
286
490
466
252
138
305
501
454
237
143
322
508
438
221
149
339
514
422
206
162
366
520
396
185
175
393
518
371
167
193
410
517
353
156
208
426
513
335
148
224
442
506
317
142
241
456
498
300
136
266
477
483
274
135
293
494
463
247
140
311
504
447
231
146
328
510
432
216
153
347
515
415
200
162
363
519
399
181
179
391
523
375
170
199
416
517
348
154
214
432
511
330
147
229
446
504
313
140
244
460
495
295
136
262
473
485
270
134
288
491
466
253
141
313
505
445
228
147
332
512
430
214
154
349
516
414
199
163
366
520
398
186
173
383
523
373
169
193
408
519
356
153
214
432
511
330
145
229
446
503
312
141
245
460
495
295
137
262
473
484
278
134
278
486
468
254
139
305
500
454
229
146
331
512
431
215
153
348
516
416
200
161
364
520
399
185
172
381
521
382
174
185
399
519
358
158
205
422
514
332
147
228
445
505
315
141
244
459
497
297
137
260
472
486
279
134
276
484
475
263
133
295
499
455
239
143
320
507
432
216
153
346
517
418
201
163
363
520
401
188
171
381
521
384
175
183
397
517
367
165
197
421
514
342
151
218
436
505
317
142
242
458
498
300
137
258
470
488
283
135
274
482
476
265
125
291
493
464
250
139
317
505
443
226
147
334
515
421
204
159
360
519
404
190
169
376
521
387
178
180
392
520
371
168
193
409
517
355
158
214
432
510
328
145
230
455
500
303
138
254
468
490
286
135
271
480
478
268
134
289
491
466
253
139
305
499
454
237
147
331
510
431
214
153
357
519
407
192
168
374
522
391
180
179
390
522
374
169
192
406
517
357
159
205
422
514
340
146
227
445
505
314
141
252
466
491
288
136
268
477
480
272
133
285
489
468
256
139
302
498
456
239
142
320
506
440
216
152
346
516
418
201
166
371
521
393
181
176
388
522
375
170
191
405
519
359
160
204
421
515
341
151
219
435
509
316
141
244
457
497
298
136
267
478
481
272
133
286
489
468
256
138
302
498
454
239
143
320
506
440
223
149
337
512
416
201
161
364
520
400
180
178
388
521
374
169
191
406
518
356
159
205
421
514
340
151
219
437
509
323
144
234
451
496
298
137
259
472
487
271
133
285
489
468
254
138
302
498
455
240
142
320
506
440
223
148
337
513
424
208
156
354
519
400
187
172
380
522
375
170
190
405
518
357
159
205
422
514
340
150
220
438
508
322
143
235
451
500
305
138
251
472
487
280
135
277
484
468
255
139
304
499
455
239
142
320
507
440
223
148
336
513
424
207
156
354
518
408
194
166
381
522
383
175
185
397
519
358
160
205
421
514
340
150
219
438
509
322
144
235
451
500
305
140
251
465
490
288
136
277
484
474
263
134
294
499
454
239
143
320
507
441
222
148
337
514
425
207
157
354
517
408
193
167
372
521
391
181
184
398
518
365
163
198
423
514
338
150
221
438
508
322
144
236
453
500
304
138
253
466
490
286
136
270
479
478
270
135
295
495
459
245
140
322
507
438
222
149
339
514
422
206
158
357
518
406
191
169
373
520
390
179
181
392
519
372
162
200
416
515
345
153
224
440
508
320
143
237
455
499
302
138
254
468
489
286
134
271
480
478
268
133
288
492
466
242
140
315
505
443
227
151
342
514
420
205
159
358
518
404
191
169
375
521
388
178
180
392
518
372
167
193
409
518
344
152
214
432
510
327
142
239
455
498
302
138
256
468
490
285
135
272
480
477
268
135
288
492
466
252
139
306
501
445
228
147
332
511
429
204
161
358
519
404
191
168
376
521
388
178
180
393
516
371
168
194
409
518
353
157
209
426
509
326
145
231
448
502
300
137
257
469
488
283
135
274
482
476
266
126
292
493
464
248
140
311
503
449
232
144
328
513
425
209
155
354
518
400
187
172
381
523
382
174
184
399
520
365
164
198
416
516
347
153
215
432
510
329
146
230
454
499
303
138
256
469
483
276
135
281
486
471
258
136
298
497
457
241
141
317
506
442
226
146
335
513
426
210
155
362
520
402
188
171
380
522
375
170
189
405
519
359
160
204
422
515
340
151
220
439
508
323
144
237
453
501
305
138
261
473
485
277
133
279
490
466
252
138
304
500
453
237
142
323
508
438
221
150
341
515
421
206
158
357
518
404
191
175
385
522
379
172
187
409
517
353
157
208
426
514
335
149
223
442
507
318
142
241
455
498
301
137
256
469
488
283
135
282
487
470
258
138
308
501
450
233
144
326
509
435
218
152
343
515
418
203
160
361
520
402
189
170
377
521
386
171
189
403
519
361
160
210
427
513
335
147
225
443
505
316
141
242
457
497
299
138
258
471
487
282
134
274
483
477
257
138
301
498
457
241
144
327
509
435
218
151
344
515
418
203
160
360
518
402
189
169
377
520
387
177
181
393
511
362
161
201
418
515
344
148
223
441
507
318
143
239
454
498
301
137
254
468
489
286
135
271
480
479
269
133
289
492
458
243
142
315
505
443
219
150
342
515
421
205
158
359
519
404
191
169
375
521
387
178
180
393
518
371
167
193
410
516
345
153
216
434
511
320
142
239
454
499
301
137
255
468
489
286
135
272
480
478
268
134
289
492
466
252
139
307
505
445
227
146
332
513
421
205
158
358
518
405
192
168
374
521
390
179
179
390
523
374
168
192
408
518
357
160
205
430
510
330
146
228
445
500
304
139
251
465
491
289
134
268
477
480
271
133
284
489
470
256
139
302
499
455
241
143
327
509
433
217
152
345
518
409
196
165
369
520
393
183
176
386
522
377
171
188
404
519
362
161
203
418
514
343
152
223
441
506
318
142
239
461
494
293
137
264
475
484
277
133
280
486
472
261
136
296
496
459
245
141
314
504
446
229
149
339
515
424
207
157
364
520
399
186
172
381
522
383
174
183
398
518
366
164
197
413
516
349
156
211
428
511
333
144
235
452
502
308
139
258
470
486
282
134
276
483
476
265
128
292
493
463
249
140
309
502
450
232
144
327
509
435
210
156
353
518
411
197
170
379
522
386
177
182
394
516
369
166
195
411
517
353
156
208
426
513
336
149
223
442
507
310
141
248
462
495
294
134
272
481
479
268
134
289
491
465
252
139
305
500
452
237
144
322
508
437
222
149
339
515
416
200
162
364
520
400
180
178
390
522
374
169
191
406
518
358
159
205
421
514
341
151
219
436
510
324
144
235
452
498
299
137
259
471
487
274
134
284
488
469
257
138
300
497
456
241
141
317
505
443
226
148
335
513
428
211
155
352
520
405
191
169
376
522
380
172
186
402
520
364
163
200
417
516
347
153
214
432
509
330
146
228
447
504
313
141
244
466
491
288
136
268
478
474
263
134
295
494
461
247
139
310
502
448
231
144
327
509
433
216
152
344
516
417
202
161
370
520
394
182
176
386
518
370
166
195
410
516
353
157
208
426
511
336
148
223
441
506
318
142
239
454
499
302
138
264
474
484
276
134
280
492
465
252
139
306
500
452
234
143
323
507
437
220
150
340
514
421
205
158
357
518
405
192
173
383
521
381
176
186
408
519
356
158
208
423
513
338
149
221
439
507
321
143
237
454
499
304
139
253
466
491
288
134
278
485
474
262
135
304
499
455
238
143
320
507
440
223
148
336
512
425
210
156
354
517
410
196
165
369
520
395
177
181
394
515
370
166
201
419
514
344
152
215
433
509
327
145
231
447
503
311
140
245
461
495
296
136
261
472
485
270
134
286
489
468
255
140
311
503
447
231
145
328
510
434
217
151
345
515
419
203
160
361
519
402
189
170
377
521
378
171
188
402
519
362
156
208
426
513
336
149
224
441
508
320
143
239
455
500
303
139
255
468
490
286
135
271
480
473
261
136
296
495
460
237
142
322
508
438
223
149
337
514
425
208
157
355
518
409
194
165
370
520
393
182
176
386
516
369
165
196
410
517
342
151
218
435
510
326
145
233
448
502
309
139
248
463
494
292
136
264
476
483
276
134
281
491
466
252
138
306
501
444
228
147
332
510
430
214
154
348
516
415
200
162
364
520
399
187
172
380
521
384
175
184
405
518
358
160
204
421
511
332
148
226
443
505
317
142
241
456
498
300
140
256
470
489
284
135
273
480
478
268
134
298
496
459
244
141
314
509
438
221
149
339
513
424
207
156
355
518
407
194
166
371
520
392
181
178
388
521
375
171
197
412
517
351
156
210
435
509
327
145
232
449
504
310
139
248
462
495
293
136
263
474
485
278
134
279
485
472
261
139
304
500
453
236
143
330
511
432
215
153
346
516
417
201
161
362
520
401
189
171
378
520
386
177
183
394
513
370
161
202
418
515
345
152
222
440
507
320
143
238
455
499
304
138
253
468
491
287
135
270
479
480
271
134
286
489
468
246
140
312
503
447
231
149
337
514
426
209
157
355
519
411
195
166
371
521
394
183
176
386
521
378
171
188
403
520
352
156
209
427
514
336
145
232
450
503
309
140
247
463
494
293
136
264
475
484
277
135
280
487
472
261
137
297
496
451
236
144
322
507
438
213
153
349
516
414
199
162
366
519
398
186
172
381
522
381
173
184
398
519
365
163
199
414
514
340
150
220
438
509
314
142
244
459
497
298
137
259
471
487
282
135
275
482
475
266
125
291
492
464
248
139
308
505
443
226
146
334
513
420
204
159
360
519
404
191
169
375
521
388
178
180
392
521
372
167
193
409
518
355
157
207
432
510
329
147
229
447
499
302
138
254
468
490
284
135
271
480
479
269
132
288
491
466
252
139
306
499
452
236
143
331
510
431
214
153
348
518
406
192
167
373
520
389
179
178
390
522
373
169
192
408
518
356
159
207
424
513
339
150
228
445
504
314
140
244
466
491
288
136
269
478
479
272
133
286
491
469
255
138
304
500
455
238
143
320
508
440
223
153
347
517
415
200
161
373
521
391
180
178
390
522
373
169
191
408
518
357
158
206
423
514
339
149
221
438
507
320
140
246
461
495
296
137
270
480
480
270
134
287
491
466
253
139
305
500
453
237
143
322
508
439
222
149
339
514
423
200
162
365
520
398
186
179
390
523
373
167
193
408
519
356
159
207
424
514
338
149
221
438
507
320
143
237
453
500
295
137
262
473
485
278
133
288
491
466
253
140
305
501
453
237
143
322
507
439
221
151
338
514
423
206
158
357
518
398
185
173
382
522
381
168
192
408
518
356
158
205
423
513
339
150
220
438
507
322
143
236
453
501
304
139
252
467
486
278
135
277
484
473
253
138
305
499
453
237
143
321
506
438
221
149
339
514
422
206
156
356
519
408
193
167
373
521
382
174
185
399
519
356
158
206
424
514
337
150
222
439
507
321
143
238
454
498
302
138
254
468
490
284
135
272
487
472
259
137
297
497
451
235
144
325
509
437
219
150
342
514
419
205
158
360
519
405
190
170
377
522
387
178
181
401
518
362
162
200
417
514
336
148
224
442
505
318
142
242
456
498
299
138
256
470
489
283
134
273
481
477
265
128
300
498
456
241
141
318
510
435
217
151
344
515
418
203
159
360
518
402
189
171
378
521
385
177
183
395
517
367
165
203
420
516
341
151
218
443
504
315
141
242
457
497
298
137
258
470
487
281
135
276
484
475
264
133
293
494
462
247
142
320
508
442
224
148
345
515
416
200
164
362
519
399
187
172
380
522
383
175
184
398
519
365
165
197
414
516
349
150
220
437
508
323
144
243
459
495
297
136
260
472
485
279
134
277
484
474
262
135
294
495
460
247
141
311
504
447
222
148
337
514
423
209
161
363
519
400
186
172
380
522
384
175
184
397
519
367
165
197
413
516
350
155
211
429
511
323
144
235
452
501
305
136
259
471
487
280
135
277
485
475
263
134
295
495
460
247
139
312
503
446
230
145
329
510
423
206
157
357
518
407
185
172
383
522
381
174
187
400
519
364
163
200
417
515
347
154
214
433
510
329
145
230
447
499
303
139
254
467
489
276
133
280
487
471
259
138
297
496
459
244
141
315
504
445
227
147
333
511
428
213
154
349
518
405
191
168
374
520
379
172
187
402
519
362
162
201
418
516
345
153
215
432
510
328
147
231
448
502
310
140
246
469
489
285
135
272
480
471
259
137
299
497
458
242
141
316
505
443
226
147
334
513
428
211
156
351
518
412
197
165
378
521
385
177
182
395
519
360
161
203
419
515
342
152
218
435
509
325
144
234
450
501
308
139
250
465
492
290
136
275
483
475
264
131
292
498
455
241
143
318
507
441
224
148
335
513
425
209
156
354
517
409
194
166
371
521
393
182
183
397
517
366
164
197
422
514
341
151
219
437
509
323
144
234
452
502
306
139
251
465
491
290
135
268
477
481
272
132
293
494
461
246
140
320
506
439
223
149
337
513
423
208
157
354
517
408
193
166
373
521
390
181
179
390
522
374
164
198
415
516
348
154
220
438
508
322
143
236
453
499
304
137
253
466
489
286
135
271
479
479
270
133
288
490
466
244
140
314
504
445
228
150
341
514
421
205
158
358
518
404
190
168
376
520
388
178
181
392
516
372
167
193
409
517
345
153
215
433
510
328
142
238
455
499
302
137
254
467
489
284
134
272
479
478
268
134
288
491
466
252
138
305
500
444
228
147
332
511
429
205
158
357
518
406
190
167
375
520
389
179
180
392
521
372
168
192
407
518
355
158
206
423
510
330
146
229
445
503
304
138
253
466
490
288
136
270
479
479
271
133
287
489
467
254
138
303
499
453
238
142
320
510
431
215
153
347
517
407
194
167
373
521
391
180
178
390
522
374
169
191
405
518
357
159
205
421
514
340
150
218
444
505
315
141
242
458
491
289
135
268
478
480
273
134
285
488
469
256
138
304
498
456
240
142
318
505
441
225
148
344
515
419
203
160
360
520
394
183
176
386
522
378
172
188
402
519
360
161
201
418
515
343
152
215
433
509
326
144
240
456
497
300
136
256
475
482
275
134
283
487
471
259
137
298
497
458
242
141
315
505
443
227
147
332
511
428
213
158
357
519
404
190
168
385
521
380
173
187
400
519
364
163
199
416
516
346
153
213
431
510
328
146
230
446
503
313
138
254
466
490
287
136
278
485
473
262
136
294
495
460
245
141
312
504
446
229
146
329
510
432
214
153
346
516
417
194
166
372
521
391
180
185
398
518
366
164
198
414
516
349
154
212
429
510
331
146
227
444
505
314
141
242
459
497
288
135
267
477
481
272
132
294
493
462
248
139
310
502
449
232
144
327
509
433
217
151
344
515
418
202
161
362
520
394
183
176
387
522
377
165
195
411
517
351
156
208
427
512
335
147
223
441
505
318
142
239
455
499
302
137
256
469
483
275
134
280
486
471
251
139
308
501
451
235
144
325
509
436
219
150
341
514
421
205
160
358
519
404
192
167
376
522
380
172
186
400
519
355
158
207
424
513
338
150
221
438
507
321
143
237
453
501
305
139
252
467
491
288
134
268
484
474
263
134
293
494
454
238
143
320
506
441
223
148
336
513
426
209
156
353
517
410
195
164
371
520
393
183
176
395
517
368
165
195
412
514
342
151
217
434
508
324
144
233
450
501
309
140
249
464
493
291
136
266
475
482
275
133
290
492
464
250
138
308
505
442
226
147
334
511
427
211
154
350
517
412
197
164
368
520
395
184
175
384
521
378
172
193
409
517
354
158
208
433
509
327
146
231
447
503
310
140
246
462
494
293
135
264
475
483
276
133
281
486
471
259
138
306
501
450
234
144
333
511
428
211
155
350
517
412
198
164
368
520
396
184
176
385
522
378
172
187
402
519
361
157
208
426
513
336
149
231
449
502
309
138
247
463
494
293
136
266
475
483
275
134
282
486
471
258
137
299
497
458
234
144
326
509
435
218
155
351
517
411
196
165
370
520
394
184
176
387
523
377
170
189
403
518
360
160
203
420
514
333
147
226
444
506
316
139
250
464
492
290
135
267
477
482
273
134
284
489
469
257
138
301
498
455
240
142
318
507
433
217
152
344
515
418
195
164
370
522
394
182
177
386
523
377
170
189
404
518
360
161
203
419
514
343
151
218
434
505
317
142
240
457
497
291
135
266
477
482
274
135
283
488
470
257
137
299
498
456
241
141
317
506
442
224
147
334
515
418
202
160
361
519
394
182
176
387
523
376
171
188
403
518
360
161
203
419
514
342
151
218
434
509
325
144
233
457
496
298
138
258
470
483
274
133
283
488
469
256
137
300
498
456
241
141
317
505
441
225
148
335
513
427
209
156
361
519
402
188
171
379
522
376
169
190
405
519
358
159
203
421
513
341
150
219
437
508
323
144
234
452
501
305
139
261
472
486
279
134
277
491
468
254
139
303
499
453
238
142
322
508
439
222
149
339
514
423
206
157
357
519
407
193
173
383
522
381
173
186
408
517
353
157
208
425
513
336
148
224
441
507
318
142
240
456
498
300
138
257
469
487
284
134
283
487
470
257
138
308
501
448
233
146
327
509
433
217
152
345
515
417
202
161
363
520
400
189
171
380
521
384
169
190
406
518
356
159
212
430
511
330
147
229
445
504
313
140
245
460
495
295
136
262
474
484
278
134
279
485
472
250
139
306
501
452
236
146
332
511
427
212
154
350
517
412
198
164
368
520
394
185
175
385
522
377
172
188
402
518
351
156
210
427
512
334
144
233
450
501
307
139
250
464
492
290
135
267
477
481
273
134
284
489
467
256
138
302
499
448
230
146
329
510
430
206
157
356
518
407
192
166
374
521
389
179
179
391
522
373
168
193
409
517
355
157
207
424
511
328
146
230
447
503
302
138
254
468
489
284
134
272
480
477
268
135
289
491
464
251
138
306
501
450
234
144
324
512
427
210
155
351
517
402
190
170
378
521
385
177
182
396
517
368
166
196
412
516
350
155
210
427
511
333
148
224
450
502
308
139
249
464
486
281
134
274
482
475
265
125
293
492
463
249
140
308
501
449
233
144
326
509
435
218
150
352
517
411
197
163
368
521
387
177
182
394
511
370
167
195
410
517
353
155
208
425
513
335
148
223
441
505
319
142
247
462
493
292
136
264
482
476
268
133
289
492
465
251
139
307
502
452
235
144
323
509
437
219
150
342
514
420
205
164
367
519
396
185
174
393
513
371
167
194
410
517
354
157
208
426
513
337
149
223
441
507
319
142
239
456
498
301
136
264
475
483
275
133
290
492
465
250
139
307
502
451
235
144
326
509
435
218
150
342
515
419
203
160
361
518
403
183
176
387
521
376
171
196
412
517
351
156
211
428
513
333
147
225
443
506
316
142
242
458
497
300
138
259
471
487
272
134
284
488
468
256
140
311
502
448
231
145
329
511
433
216
153
346
515
416
201
161
363
518
401
188
173
381
522
375
169
190
406
519
358
155
212
429
512
331
146
227
444
504
315
140
242
459
496
297
137
260
473
487
281
135
275
483
469
254
138
302
498
454
231
146
328
510
432
216
152
346
516
417
201
160
362
520
401
189
172
380
523
384
176
182
396
518
359
160
204
421
514
333
147
225
442
506
316
142
240
456
497
300
138
256
469
489
284
135
273
481
477
267
133
289
497
459
243
141
315
504
436
220
150
341
515
421
205
158
358
518
406
192
168
373
521
391
180
179
390
522
374
169
191
415
516
348
155
212
429
507
322
143
235
451
500
306
140
250
463
492
291
135
267
477
481
273
134
283
488
469
256
138
310
503
449
232
145
327
512
426
209
156
354
517
409
196
165
370
520
395
183
176
386
522
378
170
189
402
519
361
160
209
426
513
334
148
225
449
502
309
140
249
463
493
292
136
265
476
483
274
133
282
487
470
258
137
299
496
457
242
144
325
509
435
218
150
352
516
410
196
165
367
520
395
183
176
384
522
379
172
187
401
518
361
161
200
417
515
345
149
223
441
506
320
143
247
461
494
293
136
263
474
484
277
133
279
485
472
262
136
296
495
460
245
140
312
503
446
221
149
338
513
423
206
162
365
519
399
187
173
382
521
382
175
185
398
518
365
164
197
413
516
348
154
212
429
510
322
144
236
452
500
305
136
260
472
486
280
135
277
484
474
263
132
293
494
461
246
140
310
503
447
230
145
327
510
423
208
156
355
518
408
188
172
381
521
382
175
185
398
518
365
163
197
413
515
349
154
212
429
511
331
148
226
445
500
305
138
251
466
491
279
134
278
485
473
262
136
296
494
460
244
140
313
503
446
229
146
330
510
431
214
154
349
518
405
192
167
374
520
381
173
185
400
519
363
163
199
416
516
346
154
213
431
510
330
146
228
446
503
313
140
246
467
489
286
134
271
480
473
261
136
297
496
459
244
140
315
504
445
228
147
331
511
430
213
154
348
517
414
200
162
375
522
389
180
179
392
520
363
163
200
417
516
346
156
214
432
510
328
146
230
447
503
311
141
247
462
495
293
137
272
481
478
268
134
290
497
459
243
141
316
505
445
227
147
332
512
428
212
154
350
517
413
197
164
368
520
396
184
181
394
512
372
167
194
419
516
345
153
216
433
509
327
146
231
448
503
309
141
247
463
494
293
136
264
475
484
277
134
289
492
466
252
139
315
505
445
228
146
332
511
429
212
154
349
518
413
199
163
367
520
397
184
174
385
523
380
168
193
410
518
355
158
216
434
510
328
146
231
448
503
311
140
247
463
495
293
136
265
475
483
276
133
282
488
471
251
139
309
503
451
233
148
335
513
428
211
155
352
518
412
197
165
370
521
394
183
176
386
523
378
171
189
403
519
352
156
210
427
512
334
144
233
450
502
308
139
250
465
493
291
135
267
477
482
274
133
283
487
469
256
138
300
497
449
232
145
327
510
434
210
156
353
518
410
196
165
371
521
394
183
176
387
521
377
171
187
403
518
360
162
202
418
512
335
147
225
442
507
309
140
248
464
494
291
136
266
477
483
275
134
282
487
470
258
137
299
497
457
242
142
316
509
435
218
151
342
515
412
197
164
370
521
396
183
176
386
523
378
172
188
401
518
361
161
201
417
516
345
152
214
441
506
319
142
239
456
494
294
136
264
475
483
276
135
281
485
472
260
137
298
495
459
244
140
314
504
445
227
146
340
515
422
205
159
358
520
397
185
174
383
521
380
173
186
400
518
363
162
198
416
515
346
152
214
432
510
330
146
237
454
499
303
138
253
475
486
279
135
280
487
474
262
137
297
497
461
245
141
314
506
447
229
147
332
514
432
215
158
358
520
408
193
168
384
524
382
174
186
401
521
365
163
200
417
518
348
154
214
434
513
330
146
231
449
505
312
138
255
470
491
285
135
282
488
473
259
137
298
497
458
242
141
316
506
444
226
147
335
513
428
211
156
352
518
411
189
171
379
522
386
176
190
405
518
359
160
203
422
515
340
150
219
438
509
322
