=~=~=~=~=~=~=~=~=~=~=~= PuTTY log 2024.10.02 14:42:18 =~=~=~=~=~=~=~=~=~=~=~=
149
175
211
254
300
345
392
436
472
500
517
518
507
485
452
410
365
233
193
161
141
134
145
246
292
338
384
428
466
496
515
518
510
490
458
418
374
328
281
237
196
164
142
134
141
167
283
329
374
418
457
490
512
498
469
433
389
343
296
250
208
173
148
136
133
157
188
226
271
317
364
410
452
485
509
501
474
435
392
345
297
176
150
136
134
159
189
229
273
320
367
414
454
487
510
520
512
496
465
426
382
335
288
242
145
135
138
163
196
236
373
419
460
493
513
521
509
490
457
416
369
321
275
228
190
158
140
133
150
178
215
258
306
438
474
501
517
510
505
406
362
314
268
224
187
157
139
130
151
180
216
259
306
352
397
442
478
503
518
509
506
481
361
315
269
226
189
158
147
173
207
248
295
341
386
429
466
496
515
518
509
488
456
417
372
327
279
235
195
163
142
168
202
244
290
336
384
496
514
520
509
490
457
417
372
325
279
235
194
161
143
134
145
170
207
248
295
341
387
431
514
520
508
486
453
411
278
233
192
160
140
135
144
171
207
251
296
342
388
432
472
501
517
518
507
484
450
408
363
230
190
158
140
133
148
248
294
341
389
432
470
499
516
519
507
485
450
408
364
317
271
228
189
160
140
134
146
172
290
337
384
427
466
497
509
489
457
415
369
322
277
234
194
163
142
134
144
170
205
246
291
338
383
426
465
496
514
492
459
420
376
330
283
166
145
135
139
164
197
238
282
328
376
420
461
493
514
522
509
493
461
421
376
330
283
239
145
135
141
167
201
244
379
421
462
493
514
521
508
491
458
418
374
329
282
238
198
165
145
135
140
165
197
239
282
416
457
488
510
521
510
431
388
342
296
251
208
172
147
135
135
159
187
228
270
316
362
407
449
483
508
520
512
500
395
350
302
258
215
179
128
151
181
218
260
306
351
398
441
478
504
519
508
505
478
442
399
352
305
260
216
180
152
154
184
222
267
313
360
480
506
519
509
502
475
436
393
348
301
256
212
177
150
136
131
156
187
226
269
316
363
408
507
520
509
503
477
441
310
264
222
185
155
138
131
150
177
215
257
303
349
394
436
473
502
518
515
507
483
447
406
271
227
189
159
141
134
205
249
294
340
386
431
469
497
516
520
509
487
454
415
369
325
279
235
195
162
142
135
144
243
289
335
381
426
465
521
509
493
462
424
379
334
288
243
204
169
146
135
137
161
191
230
273
319
366
411
451
485
511
500
473
437
394
350
220
182
154
138
128
153
181
218
264
309
355
400
442
479
504
518
508
503
478
442
399
352
305
182
154
138
127
153
182
306
353
399
441
477
504
519
508
503
479
441
397
351
303
260
217
178
151
136
130
157
187
226
359
404
447
482
507
520
474
436
392
347
299
254
213
175
150
136
134
158
188
227
272
319
366
410
452
484
508
520
512
437
394
348
302
256
214
138
127
154
182
219
263
309
357
402
445
480
504
519
508
503
478
440
398
351
304
258
216
179
128
153
182
222
265
311
442
478
504
519
508
504
480
444
403
358
310
266
223
184
155
139
128
152
180
216
259
306
353
476
502
518
512
505
482
361
316
270
226
187
159
140
133
150
177
214
256
302
351
395
439
476
504
519
510
504
479
441
308
262
218
180
152
137
183
223
267
311
361
405
447
481
507
520
510
503
476
439
396
350
304
258
215
178
152
137
128
220
264
311
358
404
446
519
509
504
479
442
400
354
307
262
217
180
152
137
128
155
184
224
266
313
359
405
448
483
509
504
479
442
399
353
220
183
155
138
128
151
180
217
260
308
354
400
443
479
506
520
509
503
475
437
393
346
299
177
151
137
134
159
189
316
365
409
452
485
509
520
512
499
469
430
384
338
289
244
201
168
145
135
140
165
201
243
379
424
465
496
516
520
457
416
370
323
276
231
191
160
140
134
149
178
216
260
307
355
400
444
481
506
519
511
500
393
346
298
251
209
173
134
159
192
233
280
327
375
421
462
495
514
522
511
491
459
417
371
324
276
231
192
159
140
174
209
251
298
345
394
499
517
519
508
485
450
409
362
316
269
225
187
155
141
131
151
179
215
260
306
352
399
441
519
511
505
480
444
401
265
224
184
155
138
128
151
181
217
262
308
355
401
443
479
507
519
509
503
476
442
399
352
220
183
155
141
128
152
258
305
353
399
442
478
506
520
509
505
479
443
398
353
307
259
217
179
152
138
128
155
187
311
358
407
448
484
509
501
475
437
392
345
300
253
211
173
149
136
135
160
192
233
280
330
378
423
462
494
514
520
459
419
375
327
281
237
143
135
142
167
201
243
287
335
382
427
466
495
514
520
509
488
454
413
367
320
274
229
191
134
145
171
207
249
297
431
470
500
516
517
507
485
452
411
366
318
272
227
190
159
140
134
148
175
210
254
300
346
471
499
516
518
508
486
370
323
278
234
198
163
143
135
144
170
203
245
290
336
383
428
467
497
515
519
508
488
453
323
277
233
193
160
140
169
203
245
291
338
384
428
466
495
514
520
509
489
459
418
374
329
282
238
199
165
145
135
195
237
281
328
374
417
510
521
512
496
466
426
382
337
289
244
203
169
146
135
140
163
194
235
280
325
374
419
461
521
510
494
463
421
377
244
201
168
145
135
140
165
199
239
285
332
380
425
463
495
513
520
509
488
455
412
366
319
192
159
139
132
150
178
301
350
398
441
478
505
518
509
502
476
439
393
348
300
253
211
175
150
136
133
158
191
229
364
409
450
484
508
520
473
435
393
346
299
252
211
176
150
137
130
156
187
226
271
317
364
412
454
488
510
521
512
434
388
342
294
248
207
136
136
158
189
228
272
318
365
412
453
488
510
521
512
496
465
426
381
334
286
241
198
165
140
166
199
240
290
337
464
497
515
520
510
486
451
409
362
315
269
224
185
155
139
128
153
183
222
266
313
359
406
506
520
511
502
473
434
299
252
209
173
147
136
138
160
194
236
282
329
376
423
463
496
516
520
508
487
451
408
361
228
188
157
140
132
151
256
303
350
396
440
476
504
519
508
504
478
441
397
351
303
258
214
177
151
137
132
157
188
317
363
409
450
484
509
501
472
432
388
342
293
249
207
171
147
136
139
162
195
237
283
331
378
423
465
495
515
520
458
416
371
324
278
233
143
133
144
170
205
247
295
343
389
433
472
501
518
513
504
480
445
401
355
306
260
218
180
128
152
181
221
266
312
444
479
505
520
509
503
476
438
394
348
298
252
210
175
149
135
138
162
193
233
279
327
374
490
513
522
510
494
462
333
286
242
201
166
145
135
142
169
204
247
293
338
387
430
469
498
516
519
507
482
447
404
267
224
184
154
138
127
217
259
307
355
402
445
481
506
519
509
501
474
436
391
342
296
248
204
169
145
134
140
165
281
330
378
424
462
495
510
491
459
420
373
326
279
233
193
161
141
135
146
172
209
251
298
346
391
436
473
503
519
484
449
406
360
312
264
155
139
130
150
179
215
260
307
352
398
441
479
505
520
508
503
477
440
396
349
302
257
215
138
127
155
186
225
271
407
449
486
510
520
511
500
470
431
385
337
291
245
202
169
144
135
141
166
202
242
289
338
464
495
515
519
509
488
371
324
277
232
192
161
140
133
147
175
212
256
304
352
399
443
479
505
520
510
501
475
437
304
260
216
178
151
136
184
222
266
315
362
407
448
483
507
521
513
499
471
431
386
339
290
245
204
168
145
135
141
238
282
330
378
423
464
521
509
491
457
414
370
322
274
230
191
160
142
134
149
177
213
258
304
351
397
440
477
504
505
481
446
402
354
306
182
154
137
127
154
185
224
269
315
362
409
452
486
509
520
512
497
467
427
382
336
288
241
146
135
140
165
198
239
374
419
460
492
513
521
510
490
456
416
369
324
273
230
191
158
140
132
150
178
215
261
307
439
477
505
518
508
502
398
352
305
257
216
179
150
136
131
158
189
228
273
320
366
411
452
486
510
521
513
499
469
346
300
253
211
175
150
155
185
223
268
314
358
405
446
482
508
520
512
502
473
436
393
345
299
252
209
174
148
136
187
224
268
315
360
405
506
519
508
503
479
443
401
355
309
264
223
185
157
140
133
149
174
210
251
296
342
387
430
515
520
509
489
456
417
282
238
198
166
143
135
141
167
200
240
284
331
377
422
461
494
512
521
510
492
460
420
375
240
200
168
145
135
138
235
280
327
376
420
460
493
513
521
510
494
460
420
375
329
282
238
199
165
144
134
141
166
282
329
376
421
463
494
509
491
460
418
372
324
278
234
194
163
142
134
146
173
208
250
294
342
390
432
470
499
517
488
455
412
366
319
272
160
141
133
148
173
207
250
295
344
390
433
471
500
516
518
506
484
450
406
360
313
267
222
139
132
148
175
210
257
391
435
473
502
517
513
505
482
447
403
358
311
263
218
181
153
138
127
154
185
223
268
315
446
482
508
519
513
500
394
348
302
254
211
175
149
137
134
158
190
229
276
323
368
414
455
489
511
521
511
496
467
339
292
248
208
172
148
159
189
227
271
315
361
405
445
481
506
519
508
502
478
441
398
354
306
261
220
181
154
138
179
217
260
305
352
399
502
517
516
506
482
448
406
363
315
270
227
187
158
140
134
148
173
208
252
298
344
389
433
515
519
507
486
452
411
278
233
192
160
141
133
146
171
206
250
296
342
388
433
471
500
518
516
505
483
448
405
361
227
188
157
139
132
150
254
298
346
391
435
473
501
517
513
505
482
446
403
358
311
266
224
184
156
138
129
151
179
301
348
393
438
475
502
507
483
447
404
357
310
264
220
183
154
137
128
152
180
218
261
308
353
399
441
478
504
519
480
445
401
356
309
263
156
139
129
151
178
215
258
305
351
396
439
476
503
518
511
505
482
446
403
359
310
265
223
139
133
149
175
211
253
388
432
470
498
517
519
508
486
451
412
367
321
275
231
193
161
141
134
146
171
207
249
294
428
468
498
516
519
508
416
370
323
277
233
196
162
141
134
145
172
207
251
296
345
392
435
474
501
518
511
504
481
360
313
268
224
185
156
149
174
210
252
298
346
391
435
473
501
518
517
506
484
450
409
363
317
270
226
187
158
139
172
208
250
296
342
387
497
515
519
509
487
453
412
368
322
276
231
191
161
141
135
145
172
207
249
295
342
385
429
516
520
509
491
459
419
284
239
200
167
144
135
140
165
199
240
284
331
377
421
460
492
513
521
509
493
462
424
380
247
205
173
147
136
138
229
274
319
365
413
453
487
511
520
512
497
467
428
384
339
294
248
207
170
147
136
138
161
276
321
368
413
452
487
512
498
470
433
390
343
297
250
208
172
148
137
137
159
192
231
275
321
367
412
454
488
511
497
466
428
382
334
288
171
145
135
138
164
198
238
284
330
378
424
464
495
515
519
509
487
454
411
365
318
273
228
141
134
147
174
210
252
389
432
471
500
517
517
507
485
449
408
363
317
271
227
189
159
140
134
147
173
209
253
298
430
468
498
515
519
509
416
371
325
278
233
192
160
141
134
147
173
207
252
297
343
388
431
467
498
516
520
509
488
373
328
280
237
197
164
140
166
199
238
283
329
376
420
460
493
513
520
510
492
461
421
376
328
281
237
197
163
143
166
199
239
283
330
377
492
512
522
509
494
463
422
378
332
284
242
200
168
144
135
140
165
196
237
281
331
378
422
512
521
510
493
463
422
290
245
203
169
146
135
139
163
195
234
280
326
371
415
455
489
510
520
510
496
467
426
383
248
205
170
148
135
138
230
273
319
367
410
452
486
508
521
511
500
473
436
390
343
296
251
209
173
149
136
137
160
273
319
367
411
453
486
511
500
472
434
390
343
296
250
208
172
148
136
136
160
190
231
274
321
370
414
455
488
510
499
470
431
388
342
294
176
152
136
134
157
187
226
269
314
361
405
447
483
507
520
512
500
472
434
393
345
299
252
150
136
130
156
188
227
357
402
444
479
505
519
508
502
475
438
395
349
301
256
213
177
150
136
133
159
189
228
272
408
451
485
511
521
511
430
386
338
290
244
203
168
145
136
140
166
203
246
292
342
388
434
473
502
518
508
503
476
351
302
256
213
176
150
157
188
228
274
322
370
417
461
493
514
522
509
490
456
413
367
320
271
226
186
155
139
128
216
260
308
357
405
449
519
511
500
471
431
387
341
295
248
207
171
146
136
139
164
197
238
282
331
378
424
463
494
509
491
459
418
371
324
197
162
142
134
146
173
209
253
301
350
396
441
478
505
519
510
501
473
434
389
342
294
245
147
135
139
164
198
239
376
424
463
495
516
519
508
486
450
408
360
313
264
219
181
152
137
129
156
187
228
273
320
452
487
509
521
510
494
383
336
288
244
200
166
144
134
142
170
205
247
292
340
386
432
471
502
517
513
505
481
445
312
264
222
183
154
138
178
218
261
307
356
402
444
482
508
520
513
498
470
431
385
338
291
244
202
168
144
135
140
237
283
328
375
420
460
521
511
494
463
422
376
331
283
238
197
163
142
133
143
169
204
247
292
340
386
431
468
499
509
489
454
412
367
320
193
161
140
134
147
175
211
253
301
349
394
438
475
503
517
508
503
479
443
400
355
308
260
155
139
129
151
178
216
349
395
438
476
504
518
508
502
476
440
396
350
302
256
213
176
151
137
129
157
188
227
272
406
447
483
508
519
512
437
392
347
300
253
210
173
148
136
138
162
196
236
280
327
375
421
462
494
514
521
509
490
374
329
283
237
196
163
140
166
200
240
286
331
377
424
463
495
514
519
509
489
456
415
369
322
276
231
192
160
141
171
206
249
294
343
390
499
516
518
507
482
445
401
355
307
259
216
179
151
136
132
158
189
229
276
325
372
419
459
521
510
493
461
421
374
239
198
165
142
134
143
169
205
247
293
341
388
433
471
500
518
513
505
482
445
403
357
308
184
156
138
128
153
182
308
357
404
446
481
506
520
511
499
470
432
388
341
293
245
204
169
147
134
140
165
199
239
374
420
461
493
513
522
462
420
376
326
278
233
192
159
140
133
150
179
218
262
308
357
404
447
483
507
520
512
498
390
342
294
248
206
169
137
162
195
236
282
330
378
423
465
496
515
519
509
488
454
411
364
318
270
226
187
157
138
176
212
256
303
349
398
502
517
508
503
478
442
397
350
303
256
211
177
150
137
135
160
193
232
277
324
372
417
457
521
511
495
463
423
377
243
201
167
144
134
143
168
203
245
293
341
388
434
472
501
518
511
504
479
442
399
352
304
181
152
136
130
157
186
315
363
410
453
486
510
520
512
497
469
430
385
338
290
246
203
168
145
135
140
166
200
243
379
424
464
495
514
519
457
416
371
323
277
232
189
159
140
133
150
175
214
258
306
353
399
441
479
505
519
510
500
395
347
297
249
207
170
136
162
193
236
283
330
377
423
464
495
514
519
509
486
452
412
363
318
269
225
186
154
138
180
217
260
307
355
402
506
519
509
503
473
435
390
341
294
246
204
169
145
135
140
166
201
242
289
336
383
430
468
519
508
486
452
408
362
227
188
157
139
130
153
182
221
267
316
364
411
454
489
512
521
509
493
458
417
370
322
274
161
141
134
146
174
211
344
394
437
476
504
518
508
502
476
436
392
344
296
249
206
170
146
135
140
167
203
246
292
429
469
500
517
511
504
402
353
305
257
213
176
149
136
139
162
197
240
288
338
388
434
473
502
519
508
503
474
435
300
252
207
171
146
134
195
237
284
333
382
428
468
499
517
515
505
480
443
397
351
301
253
212
171
148
135
138
163
279
327
375
421
462
495
510
490
454
413
365
318
269
223
183
151
136
132
158
190
231
278
327
374
421
462
493
514
519
457
415
368
320
273
227
140
134
149
177
216
259
308
355
402
447
483
507
520
512
497
466
425
379
331
283
236
195
162
143
169
204
247
295
342
468
498
516
519
507
484
449
406
361
314
266
222
183
155
138
127
153
183
223
269
317
365
411
508
520
511
495
466
426
290
243
201
167
144
135
141
167
203
247
292
338
386
431
472
502
517
513
505
480
444
400
352
220
181
151
137
129
157
268
316
364
410
453
489
512
521
509
493
459
417
369
321
274
227
188
157
139
127
153
183
224
359
408
453
488
512
521
464
422
374
323
275
229
187
157
140
128
154
183
224
269
317
364
414
455
490
512
520
510
491
374
326
278
233
194
161
144
172
208
253
302
350
398
444
481
507
520
512
500
469
429
385
336
289
243
200
165
142
133
203
247
293
342
392
437
518
511
504
478
441
396
348
301
254
210
173
145
134
140
164
199
242
289
338
386
430
469
499
508
486
451
408
363
314
188
158
139
128
154
183
223
270
317
367
413
455
490
512
521
509
490
457
415
368
319
271
224
140
133
151
179
217
262
400
445
480
507
519
512
500
469
430
385
336
289
243
199
165
142
134
145
172
208
253
301
350
475
503
518
508
502
476
352
304
257
212
176
150
136
135
160
192
232
280
325
374
419
461
494
514
519
508
486
452
410
273
228
187
156
139
129
213
260
307
354
403
446
482
508
520
513
497
467
428
381
333
283
236
196
162
140
135
149
176
298
346
393
439
477
505
503
476
438
394
347
300
251
208
173
147
135
139
163
197
239
285
334
381
426
468
498
516
518
451
409
362
313
267
222
139
130
151
181
220
264
311
357
402
445
482
507
520
511
498
469
429
383
334
287
241
199
165
141
167
202
246
292
340
467
498
516
519
508
484
448
406
356
309
261
216
178
151
136
135
160
194
235
281
329
379
425
513
521
510
490
454
410
277
230
191
159
140
133
149
177
215
259
307
355
403
447
482
508
520
512
499
468
430
387
338
208
173
147
135
139
162
277
325
371
419
460
492
514
521
509
488
453
411
364
317
268
225
184
155
138
127
154
183
222
358
403
446
482
507
520
473
434
390
343
294
249
206
170
146
135
140
167
201
244
293
341
388
432
472
502
518
509
503
401
355
307
260
216
178
125
154
184
223
269
317
365
411
454
489
511
521
510
492
458
417
370
323
273
227
189
157
139
176
214
259
308
356
404
505
519
512
500
470
432
387
339
292
244
204
169
145
135
142
167
204
247
292
342
388
432
473
517
506
482
444
401
354
219
181
153
136
130
158
189
230
274
323
371
416
459
492
514
521
509
489
454
410
363
315
267
157
140
130
152
181
219
353
401
445
482
508
520
512
497
466
426
378
329
282
235
194
160
140
134
149
176
214
259
308
442
481
507
520
511
500
391
343
293
244
202
167
145
133
145
171
209
251
299
348
393
440
479
505
520
511
500
470
430
296
250
207
170
147
135
195
237
283
332
380
426
467
498
516
520
506
481
446
400
352
304
256
214
177
149
136
135
159
273
321
369
418
461
494
510
491
459
416
368
320
272
224
186
155
138
126
153
185
225
271
318
367
414
456
490
513
520
462
421
374
325
278
231
141
134
148
174
212
256
304
352
401
445
483
507
520
512
496
464
422
376
328
279
233
192
158
146
173
209
252
299
349
474
504
518
509
503
476
438
392
344
296
249
207
169
146
135
139
166
201
242
290
338
385
430
516
519
508
483
448
405
268
224
185
155
139
128
153
183
221
267
317
365
412
455
489
511
521
509
491
458
417
371
322
193
160
140
133
149
175
300
349
396
442
479
507
520
512
498
468
427
381
332
282
234
192
160
141
135
149
180
219
263
400
444
481
507
519
512
434
389
341
292
244
200
165
144
134
143
171
209
253
302
351
399
443
482
508
520
511
497
465
336
288
239
197
164
142
169
206
251
299
348
395
439
478
504
520
509
501
472
433
388
340
291
245
203
167
145
135
142
242
288
336
385
429
470
520
508
485
451
407
361
313
264
220
183
153
138
128
156
189
228
273
320
368
415
457
492
514
494
462
420
372
325
277
162
141
134
146
174
211
255
302
351
398
445
482
508
520
512
498
467
426
380
331
284
238
195
134
146
173
210
256
304
438
478
505
519
510
501
473
433
388
341
294
246
204
170
146
135
141
167
201
243
289
339
387
497
516
518
508
483
448
315
267
223
183
154
138
127
153
184
222
269
316
365
411
452
486
511
521
511
493
461
420
373
237
197
164
142
135
146
245
292
339
389
433
472
501
518
513
505
479
441
398
350
302
254
210
173
147
135
138
163
195
327
378
424
465
497
517
487
451
408
360
311
263
219
178
150
136
133
159
189
230
277
324
372
418
458
491
513
520
509
417
370
322
272
227
187
133
150
178
216
262
311
361
407
450
486
510
520
512
496
465
424
377
329
279
233
192
160
141
174
213
257
305
353
400
503
518
507
503
476
439
396
347
300
252
209
172
147
135
139
163
196
239
286
334
382
427
469
520
508
484
448
405
356
222
182
154
138
128
156
187
229
274
323
373
419
461
495
515
519
509
487
454
409
363
315
266
157
139
128
154
185
225
359
406
450
486
509
520
512
496
464
424
375
328
280
233
192
159
140
133
149
179
219
264
313
447
483
508
520
511
497
386
336
288
242
199
165
143
133
145
172
208
251
297
346
395
439
477
504
518
509
501
474
436
303
258
213
176
149
135
187
229
275
321
371
417
459
493
514
520
508
488
453
409
363
314
265
219
181
151
137
131
158
271
321
370
415
456
491
512
495
462
420
373
326
277
231
190
158
139
132
149
178
218
265
313
361
409
452
487
513
521
463
421
374
326
277
230
141
134
149
175
215
259
309
357
405
450
487
510
521
509
490
457
411
364
314
262
218
179
150
157
189
232
279
328
376
492
514
520
509
485
449
405
357
308
259
214
175
148
135
139
162
198
240
287
336
384
431
471
518
506
482
444
400
353
218
179
152
136
131
158
189
232
277
325
374
421
462
494
515
520
508
486
452
408
359
310
262
154
139
126
152
183
224
359
407
449
485
510
520
512
495
464
424
378
328
280
233
193
161
141
134
149
175
212
257
304
436
475
503
519
508
503
399
352
301
255
211
174
147
135
139
162
197
238
283
332
380
426
467
497
516
520
507
483
444
311
262
219
180
152
137
185
226
271
318
367
413
457
490
512
521
509
490
458
414
367
318
270
225
185
154
137
127
156
266
313
363
411
453
489
512
497
466
424
376
330
282
236
196
162
142
136
145
173
210
253
300
351
397
442
479
506
520
474
433
388
338
290
244
147
135
139
166
201
243
290
338
385
430
471
499
517
516
505
480
444
402
354
305
258
213
176
129
157
188
228
272
321
452
487
510
520
511
494
463
421
375
327
278
233
189
158
140
131
150
179
218
264
311
360
407
507
519
513
499
469
429
293
246
204
167
144
135
141
168
202
246
294
340
389
434
472
501
517
512
505
480
444
400
351
218
181
153
136
128
155
266
314
361
407
450
485
511
521
510
496
463
422
376
328
280
233
193
160
139
133
148
176
215
348
396
441
478
506
520
475
437
393
346
297
249
207
170
145
136
142
167
203
246
294
342
389
434
474
503
518
508
502
399
351
301
254
210
173
134
160
193
237
283
332
381
427
467
499
516
516
506
481
445
399
349
301
253
209
173
146
135
194
234
283
330
379
425
515
518
509
487
450
409
362
313
265
221
182
154
137
126
155
185
226
271
320
367
415
457
491
511
496
464
423
377
328
198
164
143
134
145
172
209
253
301
349
397
442
479
506
519
511
500
470
430
384
336
288
240
144
135
141
167
203
245
382
427
468
498
516
519
507
484
448
403
355
308
261
217
181
151
136
130
157
189
227
272
321
451
485
510
520
512
497
384
338
291
245
203
168
145
134
141
168
203
245
293
341
387
432
470
499
518
517
507
483
446
313
267
222
182
153
137
181
221
265
314
362
409
452
486
510
522
511
495
462
421
374
327
280
232
192
160
140
133
150
256
301
349
397
441
480
509
503
477
439
396
350
301
256
211
174
148
137
137
160
195
237
282
330
379
423
463
496
515
490
457
416
369
322
272
160
140
134
148
176
214
257
306
353
400
444
480
508
520
512
501
470
431
384
336
289
243
201
134
139
165
199
242
288
424
464
496
516
519
509
487
453
410
361
312
266
222
182
154
137
129
157
188
228
274
321
370
487
511
521
510
494
462
332
284
238
196
162
142
134
147
174
211
256
302
350
399
442
479
505
520
510
503
474
436
393
258
215
178
152
136
132
223
267
315
363
410
452
487
510
521
512
497
466
425
380
334
287
241
199
165
143
135
142
169
288
337
384
429
467
498
509
489
456
413
368
319
272
228
186
156
140
129
153
182
221
266
312
358
407
449
484
508
520
472
434
388
341
292
244
147
135
140
164
199
241
289
336
383
428
466
497
516
520
509
486
452
410
365
317
270
226
188
134
148
175
211
254
301
434
471
501
518
518
508
486
451
409
363
314
267
224
185
156
139
128
151
179
218
262
309
356
479
506
519
509
503
475
349
300
253
211
173
148
136
139
163
196
237
285
334
380
427
466
496
516
519
508
485
449
407
272
226
186
156
138
126
216
260
308
355
402
448
484
508
520
513
499
469
428
384
336
289
243
202
166
144
134
142
167
284
332
379
423
463
495
510
493
460
420
376
328
283
236
196
164
143
133
145
171
205
250
296
344
391
435
474
502
518
483
447
403
357
310
264
155
141
129
151
178
215
262
308
357
403
446
482
507
520
513
498
469
428
384
338
288
242
200
135
139
163
198
240
284
419
461
493
514
521
508
490
455
413
366
316
269
225
185
155
138
128
151
181
219
263
311
357
478
505
518
508
501
474
350
302
256
212
175
148
137
138
162
194
236
282
329
378
424
464
496
516
519
509
485
451
409
273
228
187
155
138
131
212
256
302
349
397
441
478
504
518
507
502
475
437
394
347
301
253
210
174
148
136
139
162
278
326
372
417
459
492
510
494
462
421
374
326
280
233
193
161
141
134
147
173
210
254
300
349
395
438
476
504
519
481
443
400
353
304
258
153
139
128
155
185
224
270
317
363
408
450
485
509
520
513
498
469
430
385
339
292
247
206
135
137
160
191
232
277
411
452
486
510
520
511
497
467
426
383
337
292
247
205
172
147
136
138
161
193
232
277
323
452
485
509
520
512
499
392
345
299
254
210
174
149
135
135
158
189
229
274
321
368
413
454
485
510
520
512
499
471
348
302
256
214
178
152
154
182
219
263
309
355
400
442
478
505
519
508
503
478
443
401
354
309
263
220
182
155
137
176
214
256
301
347
392
500
517
518
507
485
451
408
363
318
271
227
189
159
139
134
149
175
210
254
299
347
393
439
517
514
506
480
444
402
267
223
184
155
138
128
152
181
219
263
311
357
404
445
481
507
519
512
498
468
429
385
337
206
172
150
135
138
161
275
325
371
418
459
492
514
522
509
489
454
413
367
319
273
229
188
158
140
133
149
175
212
345
391
435
471
500
517
487
453
412
367
320
273
228
190
159
141
134
148
174
210
253
299
345
389
433
470
498
516
519
456
415
371
324
277
232
142
134
141
168
201
240
286
333
377
424
462
494
514
520
509
493
459
420
374
328
283
238
198
135
140
165
198
237
282
418
457
490
512
521
510
496
465
426
383
338
291
246
204
169
146
135
139
162
195
235
280
328
456
489
512
520
510
494
383
338
292
247
205
170
147
136
138
161
192
233
278
324
371
416
455
489
511
520
511
495
465
340
293
247
207
172
148
157
185
225
269
314
360
406
446
482
507
520
513
499
473
436
390
345
298
254
213
174
149
137
187
223
267
312
358
405
505
519
508
503
477
439
396
350
304
260
218
181
154
138
128
152
179
216
260
306
354
399
441
517
513
505
482
446
404
269
224
187
157
139
131
149
176
215
259
304
351
397
440
476
503
518
508
503
479
442
399
353
221
183
154
138
128
151
259
304
352
397
439
476
504
518
510
504
482
447
405
360
312
267
226
187
159
140
134
148
174
292
339
385
429
468
497
509
490
458
419
374
328
282
237
198
164
142
134
143
168
205
246
291
338
383
427
465
494
515
493
462
423
380
334
288
171
145
136
139
161
194
234
279
325
370
415
455
487
510
520
512
499
468
431
390
342
297
253
150
137
128
154
185
221
353
398
441
477
504
518
508
504
479
444
400
354
307
259
217
180
153
136
127
154
183
221
264
399
442
477
504
516
513
451
408
364
318
272
227
189
158
140
133
148
176
211
253
301
348
392
435
472
500
517
516
506
410
365
320
274
230
190
134
144
171
206
248
295
340
387
431
469
498
516
519
507
486
451
409
364
317
271
228
190
159
145
171
206
249
294
341
465
496
515
519
509
489
456
416
370
323
277
232
192
161
142
135
147
172
206
250
292
339
386
496
514
520
509
491
456
329
282
238
198
164
144
134
141
170
199
241
285
334
381
425
463
494
513
521
508
491
459
418
286
241
200
166
144
135
196
238
282
330
377
422
462
493
514
521
509
492
460
418
373
327
281
237
196
163
143
134
143
244
289
335
382
426
466
521
508
491
458
418
372
327
279
235
194
163
141
133
145
169
204
244
290
338
383
428
468
498
509
490
458
415
371
325
197
166
144
135
142
166
201
242
287
333
380
425
464
494
514
519
509
490
458
418
372
325
279
165
143
135
141
165
199
327
375
419
458
490
512
521
511
495
465
427
384
338
293
247
206
171
146
136
136
159
192
231
365
410
450
485
509
520
473
436
392
346
300
253
211
175
149
136
133
159
190
229
272
319
363
410
450
484
508
519
511
441
397
354
308
263
222
140
132
150
177
212
252
297
344
390
432
470
499
516
519
508
486
453
412
368
323
277
233
194
134
140
166
199
240
285
419
459
490
511
521
511
496
468
429
386
340
296
250
208
173
149
136
135
158
189
228
270
318
448
483
507
518
509
503
402
357
313
267
224
187
158
140
134
147
173
207
249
293
338
383
428
464
494
514
521
510
494
382
337
291
248
207
173
132
156
186
224
267
312
358
405
446
482
506
519
509
501
474
437
395
350
304
258
215
178
152
152
181
218
262
308
354
476
502
517
513
504
481
447
406
361
314
267
226
188
158
140
134
148
174
209
251
296
341
386
496
515
521
509
493
462
336
290
246
206
173
149
136
135
158
189
227
270
316
361
405
447
481
506
520
509
504
479
444
314
269
226
189
159
141
169
203
243
288
335
381
424
462
493
513
521
510
494
462
425
381
337
290
246
207
173
149
138
184
222
266
313
357
402
504
518
509
503
479
444
402
358
309
264
221
185
157
140
131
151
178
213
254
299
345
393
434
516
519
508
487
455
412
280
235
197
164
143
134
140
165
198
239
284
331
379
421
462
493
513
521
509
494
462
421
378
246
203
169
146
135
140
232
275
321
369
415
455
488
510
521
511
497
467
429
385
337
292
246
205
171
147
136
138
160
273
319
364
409
452
484
510
500
470
431
389
342
296
250
209
174
149
136
136
159
189
229
274
322
369
415
454
488
510
498
470
432
388
339
291
173
147
136
137
161
193
234
278
326
371
415
458
491
512
520
509
494
462
422
376
328
282
237
144
134
142
168
202
244
379
423
463
495
516
519
509
490
457
414
370
323
276
231
191
160
141
134
148
175
212
255
303
436
473
500
517
512
505
406
360
312
267
224
185
155
139
130
151
179
217
261
308
355
401
443
479
504
520
509
502
475
353
306
261
216
180
153
151
180
218
261
309
355
400
444
479
506
520
509
502
475
437
394
348
301
256
213
177
150
136
185
226
270
318
365
411
509
520
512
499
470
430
387
339
292
246
203
169
144
134
141
165
200
242
288
336
384
430
469
519
509
488
453
411
366
231
191
161
141
134
149
175
212
257
302
350
394
439
477
504
519
508
502
476
439
396
350
302
179
152
138
128
155
182
306
353
399
442
478
503
519
508
504
477
440
397
351
306
261
218
181
153
138
128
153
182
220
353
398
441
478
503
519
480
444
402
356
309
263
219
182
154
137
127
153
181
220
263
308
356
402
443
479
506
519
509
441
398
352
305
258
216
137
127
153
181
221
264
310
357
402
445
482
506
519
509
502
476
439
395
348
301
257
214
178
128
154
183
221
264
311
442
478
505
519
508
503
476
439
395
349
302
258
215
179
151
137
129
155
183
223
266
314
359
478
506
519
508
503
475
353
307
261
218
181
153
137
126
153
182
219
261
310
357
401
444
480
506
520
508
504
478
442
310
265
220
182
153
136
180
218
264
311
357
404
446
481
506
519
509
501
476
438
394
348
301
255
213
177
150
137
132
223
264
310
356
401
443
518
508
505
480
444
402
354
308
261
218
181
153
138
128
153
184
222
265
310
356
405
447
481
509
503
477
440
398
353
221
184
156
139
129
151
178
215
260
307
352
400
442
478
505
519
508
504
478
442
401
355
309
185
156
138
130
149
178
300
347
394
436
474
501
517
516
507
484
450
409
364
317
270
227
189
158
140
134
149
176
212
344
390
433
471
501
517
485
452
410
366
320
272
229
191
161
142
134
145
171
205
247
291
338
383
428
467
496
514
519
460
417
370
325
277
235
144
135
140
167
201
241
286
332
376
422
462
494
514
521
509
492
460
419
373
327
282
236
195
135
141
167
201
241
287
421
460
493
513
521
510
492
461
419
376
328
281
238
197
162
143
133
144
170
204
247
292
339
466
496
515
519
509
489
374
328
281
235
195
163
143
134
145
171
207
251
297
344
391
435
474
503
518
510
504
480
445
312
266
222
183
154
139
177
215
256
304
349
396
439
479
505
519
508
502
476
439
394
347
300
253
211
175
149
137
134
227
270
315
362
410
451
520
512
500
472
433
389
342
294
249
207
170
146
135
139
163
198
239
284
333
380
427
466
497
509
487
455
413
367
320
194
161
141
135
147
174
207
249
297
343
391
434
471
499
516
516
507
485
449
407
360
314
266
157
139
132
150
176
215
348
394
436
473
503
517
509
504
479
444
401
353
304
258
215
178
150
137
130
157
188
227
271
407
449
485
509
520
512
436
391
345
297
251
211
175
149
136
136
159
190
230
275
322
370
417
458
490
513
521
509
491
376
330
282
238
198
165
140
165
199
239
285
333
381
425
465
496
515
518
510
488
456
415
369
323
277
230
191
160
140
171
206
247
293
340
386
497
515
519
509
488
456
416
370
324
278
233
193
162
143
134
144
171
206
248
294
341
387
431
515
519
509
487
454
414
281
235
195
163
143
134
142
170
204
247
292
338
385
430
469
499
516
520
508
485
451
409
362
228
189
158
140
133
150
253
299
346
394
438
477
503
518
507
504
478
443
399
353
309
262
220
182
152
138
127
154
184
308
354
402
444
481
507
502
477
438
395
348
301
256
213
178
151
136
132
157
188
225
271
317
363
409
449
484
509
520
473
436
392
346
300
255
152
138
127
153
182
220
264
309
356
402
444
479
506
520
508
503
477
441
399
352
306
259
217
139
127
151
182
221
264
398
441
477
503
518
510
504
480
445
401
355
307
260
218
179
152
138
127
154
184
223
266
312
444
480
506
520
510
503
399
352
306
260
218
179
151
137
130
157
186
225
270
318
365
411
452
488
511
520
509
494
462
337
288
243
200
167
144
163
195
235
280
328
374
419
457
490
511
520
511
496
465
426
381
336
287
241
201
166
144
134
199
240
286
331
379
424
513
522
509
491
460
419
374
328
278
234
195
162
142
133
145
170
204
245
291
338
384
429
468
521
510
491
459
418
372
239
199
165
145
135
141
166
198
240
286
332
378
422
462
494
514
521
509
491
460
420
375
329
201
168
145
135
140
164
279
325
373
417
458
490
511
520
511
496
467
428
385
340
293
248
206
172
148
135
136
160
192
319
366
411
452
485
508
501
474
436
394
350
304
259
215
179
153
137
127
153
183
220
263
309
355
400
441
478
503
519
483
448
407
360
315
269
160
141
135
148
175
209
250
296
341
387
432
470
498
515
519
509
489
455
414
371
325
280
236
144
135
139
164
196
235
367
413
452
486
510
519
513
500
471
435
392
346
301
256
212
177
150
137
129
155
185
223
267
401
443
478
505
518
508
445
402
357
311
264
220
183
153
138
127
152
181
219
264
309
354
400
442
478
506
519
509
504
403
357
311
265
223
185
133
149
175
213
255
301
347
394
437
474
503
518
512
506
481
446
402
356
312
264
222
184
155
149
177
214
258
303
350
474
502
518
515
506
483
449
407
363
318
272
229
191
160
142
134
145
171
204
246
292
338
384
494
514
521
508
491
461
332
287
243
203
169
146
135
138
161
192
231
275
321
367
412
453
487
510
521
512
498
469
429
297
250
208
172
149
137
186
226
269
315
361
406
447
481
506
519
510
502
476
439
397
350
305
261
217
179
153
137
128
216
258
303
349
395
439
518
516
506
483
448
405
360
313
270
227
189
160
141
134
147
171
206
247
292
338
383
426
464
520
510
493
462
424
378
244
203
169
145
136
139
161
194
232
277
324
369
415
455
488
511
520
512
497
467
430
386
339
207
173
149
137
136
160
272
318
365
409
449
484
508
520
512
501
474
436
392
346
300
255
214
179
152
138
127
153
181
303
349
395
437
476
502
507
485
451
409
366
320
275
232
194
163
143
134
143
167
201
241
285
333
378
421
460
491
511
497
468
429
387
342
297
178
151
137
129
155
184
222
263
312
358
403
445
480
506
519
509
502
475
438
394
349
300
256
153
137
128
154
184
223
355
402
445
478
505
519
509
503
477
441
397
351
304
257
213
178
151
137
130
157
186
226
269
405
447
482
507
519
511
440
397
352
304
258
217
180
155
137
128
154
185
223
267
314
361
406
448
482
507
520
511
501
396
348
301
258
215
178
128
153
182
219
261
305
352
398
441
477
503
519
508
503
479
443
400
354
308
264
220
183
156
149
176
213
255
303
349
473
502
518
515
507
484
449
408
362
316
271
227
189
159
