1 0.000000
5000 0.000001
10000 0.000001
15000 0.000001
20000 0.000001
25000 0.000001
30000 0.000001
35000 0.000001
40000 0.000001
45000 0.000001
50000 0.000001
55000 0.000001
60000 0.000001
65000 0.000001
70000 0.000001
75000 0.000001
80000 0.000001
85000 0.000001
90000 0.000001
95000 0.000001
100000 0.000001
105000 0.000001
110000 0.000001
115000 0.000001
120000 0.000001
125000 0.000001
130000 0.000001
135000 0.000001
140000 0.000001
145000 0.000001
150000 0.000001
155000 0.000001
160000 0.000001
165000 0.000001
170000 0.000001
175000 0.000001
180000 0.000001
185000 0.000001
190000 0.000001
195000 0.000001
200000 0.000001
205000 0.000001
210000 0.000001
215000 0.000001
220000 0.000001
225000 0.000001
230000 0.000001
235000 0.000001
240000 0.000001
245000 0.000001
250000 0.000001
