1 1
5000 13
10000 14
15000 14
20000 15
25000 15
30000 15
35000 16
40000 16
45000 16
50000 16
55000 16
60000 16
65000 16
70000 17
75000 17
80000 17
85000 17
90000 17
95000 17
100000 17
105000 17
110000 17
115000 17
120000 17
125000 17
130000 17
135000 18
140000 18
145000 18
150000 18
155000 18
160000 18
165000 18
170000 18
175000 18
180000 18
185000 18
190000 18
195000 18
200000 18
205000 18
210000 18
215000 18
220000 18
225000 18
230000 18
235000 18
240000 18
245000 18
250000 18
