1 1
5000 22
10000 24
15000 25
20000 26
25000 27
30000 27
35000 28
40000 28
45000 28
50000 29
55000 29
60000 29
65000 29
70000 30
75000 30
80000 30
85000 30
90000 30
95000 30
100000 31
105000 31
110000 31
115000 31
120000 31
125000 31
130000 31
135000 32
140000 32
145000 32
150000 32
155000 32
160000 32
165000 32
170000 32
175000 32
180000 32
185000 32
190000 32
195000 32
200000 33
205000 33
210000 33
215000 33
220000 33
225000 33
230000 33
235000 33
240000 33
245000 33
250000 33
