1 0.000000
5000 0.000000
10000 0.000000
15000 0.000000
20000 0.000000
25000 0.000000
30000 0.000000
35000 0.000000
40000 0.000000
45000 0.000000
50000 0.000000
55000 0.000000
60000 0.000000
65000 0.000000
70000 0.000000
75000 0.000000
80000 0.000000
85000 0.000000
90000 0.000000
95000 0.000000
100000 0.000000
105000 0.000000
110000 0.000000
115000 0.000000
120000 0.000001
125000 0.000001
130000 0.000000
135000 0.000000
140000 0.000000
145000 0.000000
150000 0.000000
155000 0.000000
160000 0.000000
165000 0.000000
170000 0.000000
175000 0.000001
180000 0.000001
185000 0.000000
190000 0.000000
195000 0.000001
200000 0.000000
205000 0.000000
210000 0.000000
215000 0.000000
220000 0.000000
225000 0.000000
230000 0.000000
235000 0.000000
240000 0.000000
245000 0.000000
250000 0.000000
